cpu,ram,timestamp
0.250000,8.776850,1623156089
0.250000,8.782345,1623156090
0.000000,8.788380,1623156091
0.250000,8.786319,1623156092
0.000000,8.785730,1623156093
0.000000,8.786859,1623156094
0.000000,8.777242,1623156095
0.250000,8.779745,1623156096
0.000000,8.783081,1623156097
0.000000,8.783473,1623156098
0.500000,8.782639,1623156099
0.000000,8.787791,1623156100
0.000000,8.780235,1623156101
0.000000,8.782787,1623156102
0.500000,8.788184,1623156103
0.000000,8.788576,1623156104
0.000000,8.782198,1623156105
0.000000,8.788135,1623156106
0.000000,8.782836,1623156107
0.250000,8.789410,1623156108
0.000000,8.788772,1623156109
0.000000,8.791471,1623156110
0.250000,8.785730,1623156111
0.000000,8.794464,1623156112
0.250000,8.791127,1623156113
0.250000,8.790980,1623156114
3.270000,8.791569,1623156115
3.760000,8.803737,1623156116
2.780000,8.813598,1623156117
3.740000,8.826747,1623156118
2.770000,8.838032,1623156119
2.770000,8.841123,1623156120
2.280000,8.843527,1623156121
1.260000,8.863054,1623156122
0.000000,8.860945,1623156123
0.000000,8.851623,1623156124
0.000000,8.858982,1623156125
0.000000,8.862662,1623156126
0.000000,8.863937,1623156127
0.000000,8.862073,1623156128
0.500000,8.865262,1623156129
0.250000,8.866096,1623156130
0.000000,8.865262,1623156131
0.000000,8.872327,1623156132
0.000000,8.865851,1623156133
0.250000,8.872474,1623156134
0.000000,8.872622,1623156135
0.000000,8.868549,1623156136
0.000000,8.869531,1623156137
0.000000,8.873554,1623156138
0.250000,8.871984,1623156139
0.000000,8.865458,1623156140
0.250000,8.868255,1623156141
0.000000,8.871248,1623156142
0.000000,8.869187,1623156143
0.250000,8.858982,1623156144
0.250000,8.869433,1623156145
0.250000,8.871150,1623156146
0.000000,8.874143,1623156147
0.000000,8.878607,1623156148
0.500000,8.883367,1623156149
0.000000,8.881993,1623156150
0.000000,8.874879,1623156151
0.250000,8.874044,1623156152
0.000000,8.878460,1623156153
0.000000,8.873848,1623156154
0.250000,8.876939,1623156155
0.500000,8.880815,1623156156
0.000000,8.881895,1623156157
0.000000,8.881502,1623156158
0.500000,8.864477,1623156159
0.000000,8.864673,1623156160
0.000000,8.873946,1623156161
0.000000,8.865115,1623156162
0.250000,8.870855,1623156163
0.000000,8.867961,1623156164
0.000000,8.864968,1623156165
0.000000,8.870561,1623156166
0.500000,8.877037,1623156167
0.250000,8.875516,1623156168
0.500000,8.872425,1623156169
0.000000,8.876939,1623156170
0.000000,8.871788,1623156171
0.000000,8.870512,1623156172
0.250000,8.871837,1623156173
0.250000,8.871837,1623156174
0.000000,8.871837,1623156175
0.250000,8.861877,1623156176
0.000000,8.866047,1623156177
0.000000,8.861288,1623156178
0.250000,8.865851,1623156179
0.000000,8.870855,1623156180
0.000000,8.874388,1623156181
0.000000,8.873554,1623156182
0.000000,8.874830,1623156183
0.000000,8.883710,1623156184
0.250000,8.878166,1623156185
0.000000,8.880717,1623156186
0.000000,8.886408,1623156187
0.000000,8.881404,1623156188
0.500000,8.877920,1623156189
0.000000,8.878313,1623156190
0.250000,8.877970,1623156191
0.000000,8.878068,1623156192
0.000000,8.878607,1623156193
0.000000,8.870757,1623156194
0.250000,8.871640,1623156195
0.000000,8.875418,1623156196
0.000000,8.873946,1623156197
0.000000,8.878509,1623156198
36.780000,10.510063,1623156199
75.700000,9.958247,1623156200
66.580000,9.156993,1623156201
0.250000,9.147426,1623156202
0.000000,9.147131,1623156203
0.250000,9.145414,1623156204
0.500000,8.957207,1623156205
0.000000,8.954999,1623156206
0.000000,8.949406,1623156207
0.000000,8.946364,1623156208
0.000000,8.948326,1623156209
0.000000,8.945186,1623156210
3.240000,9.000971,1623156211
0.000000,9.007153,1623156212
0.000000,9.008135,1623156213
0.500000,9.014807,1623156214
1.000000,8.907162,1623156215
0.000000,8.900048,1623156216
0.250000,8.895583,1623156217
0.000000,8.892689,1623156218
0.500000,8.894553,1623156219
0.000000,8.893621,1623156220
0.000000,8.894013,1623156221
0.250000,8.893277,1623156222
0.740000,8.898871,1623156223
0.000000,8.889499,1623156224
0.250000,8.889794,1623156225
0.000000,8.892689,1623156226
0.000000,8.889107,1623156227
0.000000,8.892198,1623156228
0.000000,8.895191,1623156230
0.000000,8.886163,1623156231
1.500000,8.888077,1623156232
2.260000,8.891854,1623156233
0.250000,8.887243,1623156234
0.000000,8.877773,1623156235
0.000000,8.881404,1623156236
0.000000,8.885182,1623156237
0.740000,8.880815,1623156238
0.250000,8.880864,1623156239
2.800000,8.887488,1623156240
3.280000,8.889058,1623156241
3.270000,8.887488,1623156242
3.780000,8.889352,1623156243
4.240000,8.887782,1623156244
2.790000,8.880521,1623156245
4.240000,8.891168,1623156246
0.750000,8.883563,1623156247
11.500000,9.220579,1623156248
87.340000,9.276266,1623156249
83.960000,9.308157,1623156250
1.500000,9.176913,1623156251
0.000000,9.178728,1623156252
0.250000,9.166806,1623156253
0.250000,8.974428,1623156254
0.000000,8.961328,1623156255
0.250000,8.959120,1623156256
0.000000,8.962604,1623156257
0.250000,8.963781,1623156258
0.250000,8.958483,1623156259
2.000000,8.973790,1623156260
0.500000,8.959120,1623156261
0.000000,8.961083,1623156262
0.250000,8.961917,1623156263
0.250000,8.896565,1623156264
0.000000,8.893670,1623156265
0.250000,8.893228,1623156266
0.000000,8.898478,1623156267
0.000000,8.895681,1623156268
0.000000,8.892590,1623156269
0.250000,8.900048,1623156270
0.000000,8.892394,1623156271
0.250000,8.893425,1623156272
0.250000,8.893474,1623156273
0.250000,8.894553,1623156274
0.000000,8.886507,1623156275
0.000000,8.891953,1623156276
0.000000,8.881993,1623156277
0.000000,8.882729,1623156278
0.000000,8.885722,1623156279
0.000000,8.888911,1623156280
0.000000,8.888420,1623156281
0.000000,8.886948,1623156282
1.250000,8.879049,1623156283
1.000000,8.874388,1623156284
0.000000,8.870561,1623156285
0.000000,8.880030,1623156286
0.000000,8.878902,1623156287
0.250000,8.880177,1623156288
0.250000,8.879049,1623156289
0.000000,8.870953,1623156290
3.520000,8.876400,1623156291
2.810000,8.873161,1623156292
5.030000,8.871150,1623156293
4.260000,8.875958,1623156294
3.280000,8.878951,1623156295
3.750000,8.883710,1623156296
3.270000,8.881649,1623156297
1.500000,8.890088,1623156298
3.250000,9.009361,1623156299
90.730000,9.297069,1623156300
78.340000,9.554603,1623156301
11.900000,9.188246,1623156302
0.000000,9.173920,1623156303
0.500000,9.179611,1623156304
0.500000,8.976293,1623156305
0.250000,8.971337,1623156306
0.250000,8.968148,1623156307
2.240000,8.966186,1623156308
0.250000,8.958286,1623156309
0.000000,8.961377,1623156310
0.000000,8.948719,1623156311
2.500000,8.941163,1623156312
2.000000,8.950927,1623156313
0.500000,8.957403,1623156314
0.000000,8.911627,1623156315
0.000000,8.900980,1623156316
0.250000,8.898429,1623156317
0.250000,8.898871,1623156318
0.000000,8.896466,1623156319
0.000000,8.895093,1623156320
0.000000,8.898920,1623156321
0.000000,8.901373,1623156322
0.000000,8.894896,1623156323
0.750000,8.886310,1623156324
0.250000,8.886801,1623156325
0.250000,8.894160,1623156326
0.000000,8.898674,1623156327
0.000000,8.894651,1623156328
0.000000,8.896810,1623156329
0.000000,8.894896,1623156330
0.000000,8.894896,1623156331
0.000000,8.888616,1623156332
0.000000,8.885035,1623156333
0.000000,8.884740,1623156334
0.740000,8.888126,1623156335
0.500000,8.897791,1623156336
0.000000,8.894749,1623156337
0.250000,8.887635,1623156338
0.750000,8.895878,1623156339
0.000000,8.888126,1623156340
0.000000,8.895387,1623156341
0.000000,8.897350,1623156342
0.500000,8.900490,1623156343
0.250000,8.896908,1623156344
0.250000,8.895191,1623156345
0.000000,8.889696,1623156346
0.000000,8.895289,1623156347
0.250000,8.887831,1623156348
0.000000,8.890922,1623156349
0.750000,8.893915,1623156350
0.000000,8.890628,1623156351
0.250000,8.894013,1623156352
0.000000,8.892296,1623156353
0.250000,8.884740,1623156354
0.000000,8.887144,1623156355
0.500000,8.893228,1623156356
0.000000,8.899705,1623156357
0.250000,8.893228,1623156358
0.500000,8.890971,1623156359
0.000000,8.894357,1623156360
0.000000,8.897006,1623156361
0.000000,8.898184,1623156362
0.000000,8.895191,1623156363
0.250000,8.893915,1623156364
0.000000,8.892100,1623156365
0.000000,8.894013,1623156366
0.000000,8.902796,1623156367
0.000000,8.903973,1623156368
0.000000,8.904464,1623156369
0.000000,8.901667,1623156370
0.000000,8.900195,1623156371
0.000000,8.899312,1623156372
0.000000,8.897595,1623156373
0.250000,8.894651,1623156374
0.000000,8.896368,1623156375
0.000000,8.897742,1623156377
0.000000,8.899459,1623156378
0.250000,8.896761,1623156379
0.250000,8.901127,1623156380
0.000000,8.900637,1623156381
0.000000,8.899361,1623156382
0.000000,8.900048,1623156383
0.740000,8.899263,1623156384
0.000000,8.904562,1623156385
0.000000,8.893425,1623156386
0.000000,8.887635,1623156387
0.000000,8.893081,1623156388
0.250000,8.897350,1623156389
0.000000,8.900441,1623156390
0.000000,8.904022,1623156391
0.250000,8.896663,1623156392
0.250000,8.899754,1623156393
0.000000,8.902894,1623156394
0.000000,8.893081,1623156395
0.740000,8.887537,1623156396
0.250000,8.893277,1623156397
0.000000,8.896368,1623156398
0.250000,8.899656,1623156399
0.250000,8.897840,1623156400
0.250000,8.895780,1623156401
0.000000,8.898478,1623156402
0.250000,8.900097,1623156403
0.000000,8.899263,1623156404
0.000000,8.900146,1623156405
0.000000,8.902354,1623156406
0.000000,8.901716,1623156407
0.000000,8.897055,1623156408
0.750000,8.896663,1623156409
0.000000,8.897350,1623156410
0.000000,8.887880,1623156411
0.000000,8.892590,1623156412
0.000000,8.898772,1623156413
0.250000,8.903630,1623156414
0.500000,8.903532,1623156415
0.000000,8.901177,1623156416
0.000000,8.893179,1623156417
0.250000,8.895976,1623156418
0.000000,8.900244,1623156419
0.000000,8.901226,1623156420
0.000000,8.897251,1623156421
0.000000,8.887880,1623156422
0.250000,8.892787,1623156423
0.000000,8.890334,1623156424
0.000000,8.890383,1623156425
0.000000,8.898036,1623156426
0.000000,8.898871,1623156427
0.250000,8.901373,1623156428
0.500000,8.905788,1623156429
0.000000,8.902698,1623156430
0.000000,8.900048,1623156431
0.250000,8.901471,1623156432
0.250000,8.902550,1623156433
0.000000,8.899557,1623156434
0.000000,8.900882,1623156435
0.250000,8.903679,1623156436
0.250000,8.898380,1623156437
0.000000,8.902747,1623156438
0.250000,8.900784,1623156439
0.250000,8.905347,1623156440
0.000000,8.898086,1623156441
0.000000,8.901177,1623156442
0.000000,8.901078,1623156443
0.250000,8.900882,1623156444
0.000000,8.898233,1623156445
0.000000,8.900686,1623156446
0.250000,8.895093,1623156447
0.000000,8.898282,1623156448
0.250000,8.900490,1623156449
0.250000,8.903581,1623156450
0.250000,8.898723,1623156451
0.000000,8.898969,1623156452
0.000000,8.901912,1623156453
0.000000,8.897987,1623156454
0.000000,8.895191,1623156455
0.000000,8.895093,1623156456
0.000000,8.896565,1623156457
0.000000,8.899067,1623156458
0.750000,8.897889,1623156459
0.250000,8.903973,1623156460
0.250000,8.898723,1623156461
0.000000,8.894995,1623156462
0.000000,8.894553,1623156463
0.500000,8.898380,1623156464
0.000000,8.902796,1623156465
0.000000,8.895142,1623156466
0.000000,8.899312,1623156467
0.000000,8.892345,1623156468
0.500000,8.891462,1623156469
0.000000,8.896319,1623156470
0.000000,8.901029,1623156471
0.500000,8.903532,1623156472
0.500000,8.898380,1623156473
0.250000,8.903826,1623156474
0.000000,8.905298,1623156475
0.000000,8.903630,1623156476
0.500000,8.897251,1623156477
0.000000,8.894357,1623156478
0.250000,8.897251,1623156479
0.250000,8.895485,1623156480
0.000000,8.897644,1623156481
0.250000,8.905396,1623156482
0.000000,8.897153,1623156483
0.740000,8.894160,1623156484
0.000000,8.900342,1623156485
0.000000,8.905102,1623156486
0.000000,8.912706,1623156487
0.000000,8.907800,1623156488
0.250000,8.905102,1623156489
0.500000,8.906377,1623156490
0.000000,8.896957,1623156491
0.000000,8.901520,1623156492
0.000000,8.903433,1623156493
0.000000,8.900931,1623156494
0.250000,8.900293,1623156495
0.000000,8.900146,1623156496
0.000000,8.903532,1623156497
0.000000,8.904415,1623156498
1.000000,8.900637,1623156499
0.250000,8.900784,1623156500
0.000000,8.906083,1623156501
0.000000,8.897153,1623156502
0.000000,8.900784,1623156503
0.250000,8.899803,1623156504
0.000000,8.907309,1623156505
0.250000,8.904218,1623156506
0.000000,8.906426,1623156507
0.000000,8.898429,1623156508
0.000000,8.903041,1623156509
0.000000,8.897546,1623156510
0.000000,8.906132,1623156511
0.000000,8.899459,1623156512
0.000000,8.907113,1623156513
0.000000,8.906574,1623156514
0.250000,8.903581,1623156515
0.000000,8.902354,1623156516
0.000000,8.890186,1623156517
0.500000,8.894602,1623156518
0.000000,8.898036,1623156519
0.250000,8.900833,1623156520
0.000000,8.896810,1623156521
0.250000,8.896466,1623156522
0.000000,8.899165,1623156523
0.000000,8.890873,1623156524
0.000000,8.892885,1623156525
0.000000,8.894553,1623156526
0.250000,8.890284,1623156527
0.250000,8.894160,1623156528
0.000000,8.893081,1623156529
0.000000,8.892787,1623156530
0.000000,8.895780,1623156531
0.500000,8.896859,1623156532
0.000000,8.890284,1623156533
0.500000,8.895044,1623156534
0.500000,8.901177,1623156535
3.980000,8.901520,1623156536
3.760000,8.901962,1623156537
3.980000,8.896368,1623156538
3.990000,8.894749,1623156539
3.000000,8.898625,1623156540
2.760000,8.900735,1623156541
3.470000,8.893326,1623156542
0.760000,8.896761,1623156544
0.000000,8.893572,1623156545
0.500000,8.886556,1623156546
0.000000,8.889598,1623156547
0.250000,8.896074,1623156548
0.250000,8.897350,1623156549
0.000000,8.899165,1623156550
0.250000,8.902060,1623156551
0.000000,8.905347,1623156552
0.000000,8.906328,1623156553
0.000000,8.904954,1623156554
0.500000,8.903483,1623156555
0.250000,8.887193,1623156556
0.250000,8.890677,1623156557
0.000000,8.891904,1623156558
0.000000,8.892394,1623156559
0.000000,8.893425,1623156560
0.000000,8.902599,1623156561
0.000000,8.905003,1623156562
0.000000,8.905102,1623156563
0.000000,8.912069,1623156564
0.250000,8.906868,1623156565
0.500000,8.903777,1623156566
0.000000,8.904513,1623156567
0.000000,8.899312,1623156568
0.000000,8.901618,1623156569
0.250000,8.901471,1623156570
0.000000,8.896614,1623156571
0.250000,8.895338,1623156572
0.000000,8.899312,1623156573
0.000000,8.898135,1623156574
0.250000,8.896221,1623156575
0.750000,8.896516,1623156576
0.000000,8.896123,1623156577
0.000000,8.898429,1623156578
0.500000,8.886556,1623156579
0.000000,8.893915,1623156580
0.250000,8.891658,1623156581
0.000000,8.893130,1623156582
0.000000,8.894210,1623156583
0.250000,8.890334,1623156584
0.000000,8.892443,1623156585
0.250000,8.892345,1623156586
0.000000,8.890088,1623156587
0.000000,8.893621,1623156588
0.000000,8.895044,1623156589
0.500000,8.892345,1623156590
0.000000,8.889450,1623156591
0.500000,8.883170,1623156592
0.000000,8.882434,1623156593
0.250000,8.890922,1623156594
0.250000,8.885427,1623156595
0.000000,8.888224,1623156596
0.250000,8.880030,1623156597
0.000000,8.886359,1623156598
0.000000,8.887243,1623156599
0.500000,8.893523,1623156600
0.000000,8.882974,1623156601
0.000000,8.884004,1623156602
0.000000,8.884740,1623156603
0.000000,8.883268,1623156604
0.500000,8.880962,1623156605
0.250000,8.885869,1623156606
0.000000,8.890334,1623156607
0.000000,8.891756,1623156608
0.250000,8.889352,1623156609
0.000000,8.887144,1623156610
0.000000,8.888960,1623156611
0.000000,8.887046,1623156612
0.000000,8.892590,1623156613
0.000000,8.889254,1623156614
0.740000,8.888911,1623156615
0.500000,8.888862,1623156616
0.000000,8.891854,1623156617
0.000000,8.892541,1623156618
0.000000,8.895436,1623156619
0.750000,8.895289,1623156620
64.160000,10.383430,1623156621
67.340000,10.647195,1623156622
52.380000,9.157680,1623156623
0.500000,9.151105,1623156624
0.000000,9.138889,1623156625
0.500000,9.143452,1623156626
0.750000,8.981886,1623156627
0.250000,8.974526,1623156628
0.250000,8.970503,1623156629
0.000000,8.967216,1623156630
0.000000,8.963732,1623156631
0.250000,8.952889,1623156632
4.020000,8.966136,1623156633
0.000000,8.967265,1623156634
0.250000,8.972515,1623156635
0.000000,8.978991,1623156636
0.000000,8.912952,1623156637
0.500000,8.912854,1623156638
0.000000,8.909272,1623156639
0.000000,8.903483,1623156640
0.250000,8.897301,1623156641
0.000000,8.898086,1623156642
0.250000,8.902354,1623156643
0.000000,8.891315,1623156644
0.000000,8.891119,1623156645
0.000000,8.888322,1623156646
0.000000,8.892394,1623156647
0.000000,8.891511,1623156648
0.250000,8.894406,1623156649
0.250000,8.895878,1623156650
0.000000,8.900588,1623156651
0.000000,8.897791,1623156652
0.000000,8.893572,1623156653
1.000000,8.891756,1623156654
0.000000,8.890922,1623156655
0.250000,8.885918,1623156656
0.250000,8.885329,1623156657
0.000000,8.894160,1623156658
0.000000,8.888616,1623156659
0.500000,8.893866,1623156660
4.250000,8.895044,1623156661
4.000000,8.891168,1623156662
4.010000,8.896368,1623156663
4.710000,8.896466,1623156664
3.760000,8.895436,1623156665
3.040000,8.894896,1623156666
3.020000,8.896859,1623156667
0.250000,8.902354,1623156668
20.500000,9.680646,1623156669
77.180000,9.279995,1623156670
81.980000,9.196980,1623156671
0.000000,9.189915,1623156672
0.000000,9.182898,1623156673
0.000000,9.185597,1623156674
0.000000,8.992091,1623156675
0.250000,8.989049,1623156676
0.000000,8.983211,1623156677
0.250000,8.976587,1623156678
0.250000,8.973496,1623156679
0.000000,8.975409,1623156680
2.240000,9.043117,1623156681
0.250000,9.043902,1623156682
0.000000,9.042381,1623156683
0.750000,9.045178,1623156684
0.500000,8.936797,1623156685
0.000000,8.929437,1623156686
0.250000,8.923353,1623156687
0.000000,8.915699,1623156688
0.500000,8.922176,1623156689
0.000000,8.921979,1623156691
0.250000,8.916239,1623156692
0.000000,8.913688,1623156693
0.000000,8.915012,1623156694
0.000000,8.912805,1623156695
0.000000,8.924236,1623156696
0.250000,8.922961,1623156697
0.000000,8.919134,1623156698
0.000000,8.916435,1623156699
0.250000,8.917564,1623156700
0.500000,8.919183,1623156701
0.000000,8.917711,1623156702
0.000000,8.912706,1623156703
0.000000,8.915503,1623156704
0.000000,8.914914,1623156705
0.000000,8.918692,1623156706
0.000000,8.919870,1623156707
0.250000,8.919330,1623156708
0.250000,8.921293,1623156709
0.750000,8.909419,1623156710
0.250000,8.918202,1623156711
0.000000,8.915209,1623156712
0.000000,8.915945,1623156713
0.000000,8.921145,1623156714
0.250000,8.915945,1623156715
0.250000,8.914718,1623156716
0.000000,8.919673,1623156717
0.000000,8.916092,1623156718
0.000000,8.918005,1623156719
0.000000,8.914816,1623156720
0.000000,8.908978,1623156721
0.000000,8.910646,1623156722
0.000000,8.912461,1623156723
0.000000,8.919379,1623156724
0.500000,8.914914,1623156725
0.000000,8.914865,1623156726
0.000000,8.920900,1623156727
0.250000,8.925463,1623156728
0.000000,8.914914,1623156729
0.000000,8.914914,1623156730
0.250000,8.918202,1623156731
0.000000,8.912854,1623156732
0.250000,8.914816,1623156733
0.000000,8.912805,1623156734
0.000000,8.913099,1623156735
0.000000,8.911333,1623156736
0.250000,8.915797,1623156737
0.250000,8.917269,1623156738
0.250000,8.915258,1623156739
0.500000,8.918937,1623156740
0.000000,8.925365,1623156741
0.000000,8.915160,1623156742
0.000000,8.913884,1623156743
0.000000,8.918888,1623156744
0.250000,8.917515,1623156745
0.000000,8.920998,1623156746
0.000000,8.925267,1623156747
0.000000,8.917318,1623156748
0.250000,8.924384,1623156749
0.000000,8.912167,1623156750
0.000000,8.915748,1623156751
0.500000,8.915994,1623156752
0.250000,8.912216,1623156753
0.500000,8.918398,1623156754
0.000000,8.921538,1623156755
0.000000,8.913933,1623156756
0.000000,8.911087,1623156757
3.020000,8.914669,1623156758
4.020000,8.922176,1623156759
3.530000,8.923451,1623156760
2.530000,8.921391,1623156761
4.000000,8.912461,1623156762
2.780000,8.913197,1623156763
3.750000,8.908929,1623156764
1.510000,8.912265,1623156765
0.000000,8.912657,1623156766
76.880000,9.448429,1623156767
74.680000,10.228439,1623156768
23.800000,9.193202,1623156769
0.000000,9.188394,1623156770
0.000000,9.180347,1623156771
0.250000,9.177845,1623156772
0.250000,9.005240,1623156773
0.750000,9.010244,1623156774
0.000000,9.006712,1623156775
0.000000,9.001953,1623156776
0.000000,8.995574,1623156777
0.000000,8.992974,1623156778
2.260000,9.030508,1623156779
0.000000,9.036199,1623156780
0.000000,9.039192,1623156781
0.500000,8.948621,1623156782
0.000000,8.936502,1623156783
0.000000,8.938808,1623156784
0.250000,8.934098,1623156785
0.000000,8.927229,1623156786
0.000000,8.928014,1623156787
0.000000,8.925463,1623156788
0.000000,8.933215,1623156789
0.000000,8.926346,1623156790
0.000000,8.920998,1623156791
0.250000,8.932921,1623156792
0.250000,8.935766,1623156793
0.000000,8.930811,1623156794
0.250000,8.916877,1623156795
0.000000,8.922863,1623156796
2.240000,8.929143,1623156797
0.000000,8.927180,1623156798
0.000000,8.920655,1623156799
0.000000,8.924482,1623156800
0.740000,8.930664,1623156801
0.000000,8.928358,1623156802
0.000000,8.923402,1623156803
0.500000,8.927180,1623156804
0.250000,8.922274,1623156805
0.000000,8.927475,1623156806
0.000000,8.923206,1623156807
0.000000,8.923893,1623156808
0.000000,8.920802,1623156809
0.000000,8.928897,1623156810
0.000000,8.925316,1623156811
0.000000,8.930713,1623156812
0.250000,8.927327,1623156813
0.750000,8.921930,1623156814
1.000000,8.928309,1623156815
0.000000,8.925414,1623156816
0.000000,8.927376,1623156817
0.000000,8.929879,1623156818
0.250000,8.935668,1623156819
0.500000,8.929388,1623156820
3.540000,8.931105,1623156821
3.770000,8.929241,1623156822
3.530000,8.937533,1623156823
3.030000,8.932479,1623156824
4.010000,8.926591,1623156825
3.990000,8.927180,1623156826
3.260000,8.920409,1623156827
0.250000,8.919526,1623156828
15.290000,9.568046,1623156829
79.490000,9.344808,1623156830
86.620000,9.226614,1623156831
0.250000,9.219549,1623156832
0.000000,9.213808,1623156833
0.250000,9.217096,1623156834
0.750000,9.015592,1623156835
0.000000,9.007840,1623156836
0.000000,8.998273,1623156837
0.000000,9.002591,1623156838
0.250000,9.002100,1623156840
0.000000,9.002983,1623156841
1.760000,9.004995,1623156842
0.500000,9.026533,1623156843
0.000000,9.032421,1623156844
0.000000,9.039781,1623156845
0.250000,8.952202,1623156846
0.500000,8.943077,1623156847
0.000000,8.938661,1623156848
0.250000,8.936993,1623156849
0.500000,8.932871,1623156850
0.250000,8.929682,1623156851
0.250000,8.926591,1623156852
0.740000,8.935913,1623156853
0.000000,8.938514,1623156854
0.250000,8.936012,1623156855
0.000000,8.926346,1623156856
0.000000,8.927131,1623156857
0.250000,8.931841,1623156858
0.000000,8.931400,1623156859
0.500000,8.933215,1623156860
0.250000,8.939789,1623156861
0.000000,8.932185,1623156862
0.000000,8.929339,1623156863
1.250000,8.932234,1623156864
0.500000,8.935423,1623156865
1.250000,8.936502,1623156866
0.000000,8.936110,1623156867
0.000000,8.939299,1623156868
0.000000,8.942684,1623156869
0.000000,8.942880,1623156870
0.250000,8.940378,1623156871
0.000000,8.935815,1623156872
0.000000,8.935668,1623156873
0.000000,8.932037,1623156874
0.000000,8.933411,1623156875
0.250000,8.934491,1623156876
0.000000,8.930124,1623156877
0.000000,8.931007,1623156878
0.000000,8.937729,1623156879
0.500000,8.935864,1623156880
0.000000,8.928946,1623156881
0.250000,8.934589,1623156882
0.000000,8.928946,1623156883
0.250000,8.923549,1623156884
0.000000,8.927965,1623156885
0.000000,8.926248,1623156886
0.000000,8.927867,1623156887
0.000000,8.930958,1623156888
0.000000,8.936747,1623156889
0.000000,8.938416,1623156890
0.250000,8.938318,1623156891
0.000000,8.935717,1623156892
0.000000,8.934049,1623156893
0.750000,8.936846,1623156894
0.000000,8.931694,1623156895
0.250000,8.925316,1623156896
0.000000,8.928946,1623156897
0.000000,8.934147,1623156898
0.000000,8.940329,1623156899
0.000000,8.938416,1623156900
0.500000,8.927867,1623156901
0.000000,8.921685,1623156902
0.000000,8.924482,1623156903
0.000000,8.924285,1623156904
0.500000,8.932724,1623156905
0.750000,8.932626,1623156906
0.000000,8.933951,1623156907
0.500000,8.936747,1623156908
0.250000,8.936944,1623156909
0.000000,8.933509,1623156910
2.780000,8.930075,1623156911
3.040000,8.927671,1623156912
3.530000,8.924874,1623156913
3.270000,8.928309,1623156914
4.730000,8.930271,1623156915
5.200000,8.928161,1623156916
4.230000,8.927180,1623156917
1.260000,8.936355,1623156918
0.000000,8.936846,1623156919
81.520000,9.630258,1623156920
82.820000,11.325398,1623156922
36.190000,9.234955,1623156923
0.000000,9.221266,1623156924
0.500000,9.214495,1623156925
0.000000,9.214005,1623156926
0.500000,9.019370,1623156927
0.250000,9.018242,1623156928
0.000000,9.009067,1623156929
0.000000,9.012354,1623156930
0.250000,9.010146,1623156931
0.000000,9.010146,1623156932
2.510000,9.021823,1623156933
0.250000,9.021823,1623156934
0.000000,9.025503,1623156935
0.000000,9.035463,1623156936
0.750000,8.955686,1623156937
0.250000,8.953920,1623156938
0.000000,8.954557,1623156939
0.500000,8.952595,1623156940
0.000000,8.950976,1623156941
0.000000,8.946119,1623156942
0.000000,8.935717,1623156943
0.000000,8.932136,1623156944
0.250000,8.932332,1623156945
0.000000,8.935128,1623156946
0.000000,8.933607,1623156947
0.500000,8.937925,1623156948
0.250000,8.929388,1623156949
0.000000,8.934491,1623156950
0.000000,8.929780,1623156951
0.250000,8.936600,1623156952
0.000000,8.931203,1623156953
0.500000,8.923942,1623156954
0.500000,8.931645,1623156955
0.250000,8.932136,1623156956
0.000000,8.936502,1623156957
0.000000,8.935227,1623156958
0.500000,8.938219,1623156959
0.000000,8.939397,1623156960
0.000000,8.931743,1623156961
1.000000,8.932773,1623156962
0.000000,8.938219,1623156963
0.000000,8.938219,1623156964
0.500000,8.942095,1623156965
0.000000,8.934883,1623156966
0.000000,8.945481,1623156967
0.500000,8.942880,1623156968
4.270000,8.940820,1623156969
4.750000,8.944598,1623156970
3.290000,8.942684,1623156971
3.540000,8.943960,1623156972
3.770000,8.929045,1623156973
4.470000,8.931449,1623156974
3.510000,8.934245,1623156975
1.500000,8.931645,1623156976
9.750000,9.245700,1623156977
85.790000,9.271899,1623156978
84.380000,9.287305,1623156979
2.270000,9.186529,1623156980
0.000000,9.175048,1623156981
0.000000,9.175735,1623156982
0.500000,9.033697,1623156983
0.750000,9.025945,1623156984
0.000000,9.023590,1623156985
0.000000,9.017310,1623156986
0.000000,9.016672,1623156987
0.250000,9.017211,1623156988
1.240000,9.011814,1623156989
0.500000,9.008331,1623156990
0.000000,9.012796,1623156991
0.000000,9.009999,1623156992
0.000000,8.961672,1623156993
0.000000,8.949995,1623156994
0.250000,8.950387,1623156995
0.000000,8.946070,1623156996
0.000000,8.950583,1623156997
0.740000,8.944647,1623156998
0.250000,8.944745,1623156999
0.000000,8.948277,1623157000
0.000000,8.948572,1623157001
0.000000,8.944107,1623157002
0.250000,8.945039,1623157003
0.250000,8.946707,1623157004
0.000000,8.946119,1623157005
0.000000,8.940525,1623157006
0.250000,8.945088,1623157007
0.500000,8.934491,1623157008
1.000000,8.944009,1623157009
0.000000,8.946609,1623157010
0.000000,8.938121,1623157011
0.000000,8.945088,1623157012
0.250000,8.943518,1623157013
0.750000,8.944990,1623157014
0.000000,8.944401,1623157015
0.000000,8.944990,1623157016
0.000000,8.943911,1623157017
0.500000,8.946560,1623157018
0.250000,8.949798,1623157019
0.000000,8.950878,1623157020
0.250000,8.957109,1623157021
0.250000,8.950093,1623157022
0.000000,8.947100,1623157023
0.000000,8.944500,1623157024
0.250000,8.946511,1623157025
0.000000,8.949455,1623157026
0.250000,8.947885,1623157027
0.000000,8.943322,1623157028
0.500000,8.949111,1623157029
0.000000,8.943714,1623157030
0.000000,8.941507,1623157031
0.000000,8.943616,1623157032
0.000000,8.940722,1623157033
0.000000,8.940525,1623157034
0.000000,8.943518,1623157035
0.000000,8.942488,1623157036
0.750000,8.950191,1623157037
0.990000,8.954165,1623157038
0.250000,8.955637,1623157039
0.000000,8.946609,1623157040
0.000000,8.944892,1623157041
0.000000,8.943420,1623157042
0.250000,8.944892,1623157043
3.770000,8.946904,1623157044
4.000000,8.940967,1623157045
3.280000,8.937974,1623157046
3.520000,8.940967,1623157047
2.790000,8.941458,1623157048
4.000000,8.942929,1623157049
2.540000,8.942929,1623157050
1.250000,8.948081,1623157051
4.230000,9.074321,1623157052
87.660000,9.246926,1623157053
80.950000,9.679175,1623157054
9.090000,9.216016,1623157055
0.000000,9.213857,1623157056
0.000000,9.218568,1623157057
0.750000,9.034089,1623157058
0.750000,9.021087,1623157059
0.250000,9.018978,1623157060
0.000000,9.018880,1623157061
0.000000,9.013286,1623157062
0.000000,9.018291,1623157063
0.000000,9.018046,1623157064
3.490000,9.145414,1623157065
0.000000,9.142961,1623157066
0.000000,9.148799,1623157067
0.000000,9.158367,1623157068
0.250000,8.968737,1623157069
0.500000,8.955784,1623157070
0.000000,8.955882,1623157071
0.250000,8.953037,1623157072
0.000000,8.955490,1623157073
0.000000,8.948768,1623157074
0.000000,8.949210,1623157075
0.000000,8.951319,1623157076
0.000000,8.954214,1623157077
0.000000,8.953576,1623157079
0.500000,8.945334,1623157080
0.000000,8.947541,1623157081
0.000000,8.955392,1623157082
0.000000,8.955343,1623157083
0.000000,8.947541,1623157084
0.250000,8.947492,1623157085
0.000000,8.950387,1623157086
0.250000,8.956962,1623157087
0.500000,8.950927,1623157088
0.000000,8.955146,1623157089
0.000000,8.952791,1623157090
0.250000,8.944696,1623157091
0.250000,8.955637,1623157092
0.000000,8.951417,1623157093
0.500000,8.951074,1623157094
0.000000,8.954557,1623157095
0.000000,8.947934,1623157096
0.000000,8.948179,1623157097
0.250000,8.958532,1623157098
0.000000,8.951172,1623157099
0.000000,8.948572,1623157100
0.250000,8.936012,1623157101
0.000000,8.944009,1623157102
0.250000,8.951172,1623157103
0.000000,8.947590,1623157104
0.500000,8.950485,1623157105
0.250000,8.950829,1623157106
0.000000,8.947885,1623157107
0.000000,8.954803,1623157108
0.000000,8.950681,1623157109
0.000000,8.959758,1623157110
0.000000,8.959415,1623157111
0.000000,8.957256,1623157112
0.000000,8.959954,1623157113
0.000000,8.962653,1623157114
0.250000,8.961132,1623157115
0.000000,8.958041,1623157116
0.000000,8.959464,1623157117
0.000000,8.947296,1623157118
0.500000,8.944745,1623157119
0.000000,8.956863,1623157120
0.000000,8.953478,1623157121
0.000000,8.953086,1623157122
0.000000,8.944205,1623157123
0.250000,8.941899,1623157124
0.250000,8.946511,1623157125
0.000000,8.951663,1623157126
0.000000,8.954950,1623157127
0.000000,8.957452,1623157128
0.000000,8.953282,1623157129
0.000000,8.946707,1623157130
0.000000,8.938661,1623157131
0.000000,8.940918,1623157132
0.500000,8.940722,1623157133
0.000000,8.946707,1623157134
1.000000,8.955490,1623157135
0.250000,8.949946,1623157136
0.000000,8.947002,1623157137
0.250000,8.945088,1623157138
0.000000,8.946707,1623157139
0.000000,8.943420,1623157140
4.220000,8.946904,1623157141
3.290000,8.946413,1623157142
4.500000,8.950632,1623157143
3.280000,8.949504,1623157144
4.240000,8.953184,1623157145
4.490000,8.953184,1623157146
3.270000,8.948326,1623157147
2.480000,8.949161,1623157148
1.500000,9.029379,1623157149
84.540000,9.566182,1623157150
74.870000,10.066137,1623157151
20.920000,9.257720,1623157152
0.000000,9.253059,1623157153
0.000000,9.254286,1623157154
1.000000,9.043804,1623157155
0.000000,9.034825,1623157156
0.000000,9.033206,1623157157
0.000000,9.032274,1623157158
0.250000,9.025454,1623157159
0.250000,9.018732,1623157160
0.250000,9.013777,1623157161
2.740000,9.084428,1623157162
0.000000,9.095075,1623157163
0.750000,9.100717,1623157164
0.250000,8.978697,1623157165
0.000000,8.972858,1623157166
0.000000,8.974575,1623157167
0.250000,8.969865,1623157168
0.000000,8.961721,1623157169
0.250000,8.962653,1623157170
0.250000,8.959513,1623157171
0.000000,8.958532,1623157172
0.250000,8.969031,1623157173
0.000000,8.963095,1623157174
0.000000,8.960298,1623157175
0.000000,8.963389,1623157176
0.000000,8.963193,1623157177
0.000000,8.966872,1623157178
0.250000,8.962947,1623157179
0.500000,8.958384,1623157180
0.000000,8.956275,1623157181
0.250000,8.953331,1623157182
0.250000,8.962015,1623157183
0.000000,8.961868,1623157184
0.000000,8.961524,1623157185
0.500000,8.962015,1623157186
0.000000,8.965891,1623157187
0.000000,8.964517,1623157188
0.250000,8.957207,1623157189
0.000000,8.964910,1623157190
0.250000,8.966038,1623157191
0.000000,8.966186,1623157192
0.000000,8.955539,1623157193
0.750000,8.953920,1623157194
0.000000,8.956618,1623157195
0.000000,8.952889,1623157196
0.500000,8.958237,1623157197
0.000000,8.962604,1623157198
0.000000,8.957894,1623157199
0.000000,8.953429,1623157200
0.000000,8.958826,1623157201
0.000000,8.957943,1623157202
0.250000,8.962359,1623157203
0.000000,8.964910,1623157204
0.000000,8.962310,1623157205
0.000000,8.959611,1623157206
0.000000,8.961524,1623157207
0.000000,8.954852,1623157208
0.500000,8.966284,1623157209
0.250000,8.962702,1623157210
0.000000,8.958679,1623157211
0.250000,8.959219,1623157212
0.000000,8.952448,1623157213
0.250000,8.959219,1623157214
0.000000,8.952153,1623157215
0.750000,8.952938,1623157216
0.000000,8.957845,1623157217
0.000000,8.948376,1623157218
0.000000,8.954361,1623157219
0.500000,8.954852,1623157220
0.250000,8.960347,1623157221
2.270000,8.969129,1623157222
4.020000,8.961083,1623157223
4.260000,8.956716,1623157224
3.040000,8.954508,1623157225
2.530000,8.954901,1623157226
3.770000,8.951319,1623157227
4.470000,8.960298,1623157228
2.260000,8.961868,1623157229
0.000000,8.957305,1623157230
60.900000,10.834519,1623157232
73.850000,11.156277,1623157233
37.040000,9.870031,1623157234
6.670000,9.752672,1623157235
10.330000,9.268808,1623157236
0.250000,9.263510,1623157237
0.000000,9.260026,1623157238
0.500000,9.252667,1623157239
0.250000,9.051948,1623157240
0.000000,9.047729,1623157241
0.250000,9.047434,1623157242
0.000000,9.043706,1623157243
0.000000,9.044245,1623157244
0.000000,9.045570,1623157245
2.270000,9.055481,1623157246
0.000000,9.059602,1623157247
0.500000,9.067060,1623157248
0.000000,9.066667,1623157249
0.000000,8.988509,1623157250
0.250000,8.978648,1623157251
0.000000,8.974232,1623157252
0.000000,8.965940,1623157253
0.000000,8.966431,1623157254
0.750000,8.972809,1623157255
1.500000,8.969178,1623157256
1.250000,8.965597,1623157257
0.000000,8.962751,1623157258
0.250000,8.972711,1623157259
0.000000,8.965450,1623157260
0.000000,8.973103,1623157261
0.000000,8.973005,1623157262
0.250000,8.968442,1623157263
0.000000,8.979187,1623157264
0.250000,8.968442,1623157265
0.250000,8.968344,1623157266
0.250000,8.969816,1623157267
0.500000,8.969914,1623157268
0.000000,8.968344,1623157269
0.250000,8.974428,1623157270
0.250000,8.966529,1623157271
0.250000,8.966627,1623157272
0.000000,8.972515,1623157273
0.000000,8.977421,1623157274
0.250000,8.973545,1623157275
0.000000,8.977274,1623157276
0.750000,8.972711,1623157277
0.000000,8.971435,1623157278
0.000000,8.967854,1623157279
0.000000,8.972858,1623157280
0.000000,8.971632,1623157281
0.250000,8.968982,1623157282
0.000000,8.968933,1623157283
0.500000,8.969620,1623157284
0.750000,8.968246,1623157285
0.000000,8.968148,1623157286
0.250000,8.972515,1623157287
0.000000,8.970454,1623157288
0.250000,8.978697,1623157289
1.000000,8.974772,1623157290
3.270000,8.971681,1623157291
4.250000,8.970111,1623157292
3.270000,8.971779,1623157293
3.040000,8.971092,1623157294
3.270000,8.965989,1623157295
2.280000,8.972368,1623157296
3.260000,8.970797,1623157297
0.000000,8.968099,1623157298
28.750000,10.272007,1623157299
71.320000,9.520062,1623157300
79.640000,9.279602,1623157301
0.000000,9.272537,1623157302
0.000000,9.265767,1623157303
0.250000,9.263510,1623157304
0.500000,9.069611,1623157305
0.250000,9.062840,1623157306
0.000000,9.052635,1623157307
0.000000,9.051948,1623157308
0.250000,9.053322,1623157309
0.000000,9.051899,1623157310
2.510000,9.055481,1623157311
0.500000,9.064558,1623157312
0.000000,9.065882,1623157313
0.500000,9.072604,1623157314
0.500000,8.997390,1623157315
0.000000,8.981346,1623157316
1.000000,8.977421,1623157317
0.000000,8.980365,1623157318
0.000000,8.983750,1623157319
0.000000,8.976881,1623157320
0.250000,8.986449,1623157321
0.000000,8.977176,1623157322
0.250000,8.981837,1623157323
0.250000,8.986400,1623157324
0.000000,8.984437,1623157325
0.000000,8.978942,1623157326
0.500000,8.976538,1623157327
0.000000,8.974085,1623157328
0.500000,8.981150,1623157329
0.000000,8.975017,1623157330
0.000000,8.976881,1623157331
1.500000,8.977176,1623157332
0.000000,8.970896,1623157333
0.000000,8.976979,1623157334
0.000000,8.975360,1623157335
0.250000,8.975458,1623157336
0.250000,8.977961,1623157337
0.250000,8.982671,1623157338
0.000000,8.975606,1623157339
0.000000,8.976587,1623157340
0.000000,8.974330,1623157341
0.250000,8.969816,1623157342
0.250000,8.977814,1623157343
0.500000,8.974723,1623157344
0.000000,8.974085,1623157345
0.250000,8.980463,1623157346
0.000000,8.975949,1623157347
0.000000,8.979384,1623157348
0.000000,8.981248,1623157349
0.250000,8.976783,1623157350
0.000000,8.984535,1623157351
1.000000,8.979384,1623157352
0.500000,8.974428,1623157353
0.500000,8.975066,1623157354
0.000000,8.980463,1623157355
0.500000,8.983063,1623157356
0.500000,8.985958,1623157357
0.000000,8.987430,1623157358
0.750000,8.973888,1623157359
4.240000,8.982229,1623157360
4.510000,8.979482,1623157361
3.770000,8.979776,1623157362
3.510000,8.981591,1623157363
3.990000,8.982278,1623157364
4.980000,8.983358,1623157365
4.000000,8.986694,1623157366
1.000000,8.983407,1623157367
14.180000,9.518541,1623157368
81.770000,9.385138,1623157369
81.710000,9.721909,1623157370
0.000000,9.713175,1623157371
15.800000,9.280535,1623157372
0.000000,9.274451,1623157374
0.000000,9.271605,1623157375
0.250000,9.267925,1623157376
1.240000,9.063576,1623157377
0.000000,9.060534,1623157378
0.000000,9.060534,1623157379
0.000000,9.054843,1623157380
0.000000,9.050035,1623157381
0.000000,9.050329,1623157382
2.510000,9.062939,1623157383
0.000000,9.072211,1623157384
0.000000,9.079963,1623157385
0.000000,9.081779,1623157386
0.000000,9.005534,1623157387
0.000000,8.990766,1623157388
0.000000,8.985516,1623157389
0.500000,8.985909,1623157390
0.740000,8.985516,1623157391
0.000000,8.986939,1623157392
0.250000,8.985222,1623157393
0.000000,8.983309,1623157394
0.000000,8.986841,1623157395
0.000000,8.975213,1623157396
0.250000,8.975360,1623157397
0.000000,8.971239,1623157398
1.260000,8.974919,1623157399
0.250000,8.978844,1623157400
0.000000,8.978402,1623157401
0.000000,8.981493,1623157402
1.000000,8.981690,1623157403
0.250000,8.981837,1623157404
0.250000,8.985664,1623157405
0.000000,8.987577,1623157406
0.250000,8.988951,1623157407
0.750000,8.978010,1623157408
0.000000,8.980905,1623157409
0.250000,8.978844,1623157410
0.000000,8.975458,1623157411
0.500000,8.981297,1623157412
0.500000,8.985026,1623157413
0.000000,8.981542,1623157414
0.250000,8.985173,1623157415
1.000000,8.981886,1623157416
0.000000,8.980610,1623157417
0.500000,8.981837,1623157418
0.500000,8.981935,1623157419
0.000000,8.987185,1623157420
0.250000,8.984143,1623157421
1.260000,8.988166,1623157422
3.540000,8.981739,1623157423
4.260000,8.980708,1623157424
4.500000,8.984486,1623157425
3.270000,8.986596,1623157426
4.260000,8.994250,1623157427
3.510000,8.984192,1623157428
3.250000,8.984437,1623157429
0.000000,8.987087,1623157430
44.580000,10.893886,1623157431
74.240000,10.671138,1623157432
23.760000,9.788684,1623157434
14.040000,9.284067,1623157435
0.000000,9.271409,1623157436
0.250000,9.270280,1623157437
2.010000,9.072702,1623157438
0.500000,9.057591,1623157439
0.000000,9.060976,1623157440
0.000000,9.057885,1623157441
0.000000,9.051114,1623157442
0.000000,9.060829,1623157443
0.000000,9.051065,1623157444
2.010000,9.043362,1623157445
0.250000,9.049103,1623157446
0.000000,9.053175,1623157447
0.000000,9.051801,1623157448
0.750000,8.997586,1623157449
1.000000,8.997145,1623157450
0.000000,8.990423,1623157451
0.000000,8.987872,1623157452
0.250000,8.986105,1623157453
0.000000,8.980512,1623157454
0.000000,8.976734,1623157455
0.000000,8.982622,1623157456
0.500000,8.989294,1623157457
0.000000,8.983750,1623157458
0.000000,8.986007,1623157460
0.250000,8.986890,1623157461
0.500000,8.982818,1623157462
0.250000,8.986154,1623157463
0.500000,8.988804,1623157464
0.250000,8.987087,1623157465
0.250000,8.989392,1623157466
0.000000,8.996065,1623157467
0.000000,8.992091,1623157468
0.000000,8.985762,1623157469
0.250000,8.993269,1623157470
0.000000,8.994691,1623157471
0.500000,8.989785,1623157472
0.000000,8.987087,1623157473
0.000000,8.990178,1623157474
0.000000,8.992336,1623157475
0.000000,8.995869,1623157476
0.000000,8.985516,1623157477
0.250000,8.997341,1623157478
3.520000,8.985173,1623157479
4.250000,8.985320,1623157480
2.280000,8.987283,1623157481
3.010000,8.991404,1623157482
2.280000,8.991208,1623157483
3.730000,8.992974,1623157484
2.760000,8.995280,1623157485
1.000000,8.992189,1623157486
0.000000,8.994446,1623157487
0.000000,8.992042,1623157488
0.250000,8.992483,1623157489
0.000000,8.988019,1623157490
0.000000,8.988804,1623157491
0.000000,8.982916,1623157492
0.000000,8.992042,1623157493
0.250000,8.985516,1623157494
0.500000,8.985516,1623157495
0.000000,8.988117,1623157496
0.250000,8.985860,1623157497
0.000000,8.985124,1623157498
0.000000,8.981591,1623157499
0.000000,8.986498,1623157500
0.000000,8.985664,1623157501
0.000000,8.983309,1623157502
0.000000,8.977127,1623157503
0.250000,8.975458,1623157504
0.250000,8.979825,1623157505
0.000000,8.982229,1623157506
0.000000,8.982033,1623157507
0.000000,8.981542,1623157508
0.250000,8.982671,1623157509
0.500000,8.974085,1623157510
0.000000,8.985958,1623157511
0.000000,8.985958,1623157512
0.250000,8.984388,1623157513
0.250000,8.982622,1623157514
0.000000,8.987773,1623157515
0.000000,8.987577,1623157516
0.000000,8.984682,1623157517
0.000000,8.984192,1623157518
1.000000,8.987675,1623157519
0.000000,8.985516,1623157520
0.000000,8.981591,1623157521
0.000000,8.984192,1623157522
0.000000,8.988853,1623157523
0.000000,8.990374,1623157524
0.250000,8.991846,1623157525
0.000000,8.984584,1623157526
0.250000,8.981493,1623157527
0.000000,8.981003,1623157528
0.750000,8.984584,1623157529
0.000000,8.990668,1623157530
1.750000,8.996948,1623157531
0.250000,8.996801,1623157532
0.500000,8.985418,1623157533
0.000000,8.987234,1623157534
0.250000,8.993416,1623157535
0.000000,8.991551,1623157536
0.000000,8.987332,1623157537
1.000000,8.990325,1623157538
0.000000,8.991600,1623157539
0.250000,8.992827,1623157540
0.250000,8.990521,1623157541
0.250000,8.993219,1623157542
0.000000,8.993906,1623157543
0.250000,8.993612,1623157544
0.000000,8.987136,1623157545
0.250000,8.988264,1623157546
0.000000,8.987234,1623157547
0.250000,8.984241,1623157548
0.250000,8.991306,1623157549
0.000000,8.988411,1623157550
0.000000,8.990325,1623157551
0.000000,8.988607,1623157552
0.000000,8.990325,1623157553
0.000000,8.990423,1623157554
0.500000,8.994004,1623157555
0.000000,8.990521,1623157556
0.000000,8.997782,1623157557
0.750000,8.995133,1623157558
0.000000,8.987773,1623157559
0.000000,8.990227,1623157560
0.000000,8.990766,1623157561
3.740000,9.117644,1623157562
88.640000,9.559166,1623157563
72.080000,10.135513,1623157564
19.190000,9.294223,1623157565
0.000000,9.282693,1623157566
1.250000,9.285784,1623157567
2.740000,9.084281,1623157568
0.000000,9.076038,1623157569
0.250000,9.074321,1623157570
0.000000,9.069120,1623157571
0.000000,9.069219,1623157572
0.000000,9.061859,1623157573
0.250000,9.061957,1623157574
2.520000,9.143108,1623157575
0.250000,9.146395,1623157576
0.250000,9.154049,1623157577
0.250000,9.019812,1623157578
0.000000,9.012894,1623157579
0.500000,9.012550,1623157580
0.000000,9.002443,1623157581
0.000000,9.000039,1623157582
0.000000,8.999352,1623157583
0.250000,9.003032,1623157584
0.250000,9.008429,1623157585
0.000000,9.008331,1623157586
0.250000,9.006908,1623157587
0.750000,9.003081,1623157588
0.000000,9.007301,1623157589
0.000000,8.999401,1623157590
0.250000,8.996065,1623157591
0.250000,8.999450,1623157592
0.000000,9.002443,1623157593
0.000000,9.005436,1623157594
0.000000,9.002345,1623157595
0.750000,9.005780,1623157596
0.000000,9.000824,1623157597
0.250000,9.001756,1623157598
0.000000,9.005731,1623157599
0.750000,8.996065,1623157600
0.250000,8.996850,1623157601
1.010000,9.009312,1623157602
4.010000,9.012698,1623157603
3.540000,9.010441,1623157604
3.750000,9.005829,1623157605
4.010000,9.006663,1623157606
3.040000,9.010588,1623157607
4.460000,9.007840,1623157608
3.240000,9.008037,1623157609
0.250000,8.999549,1623157610
0.250000,8.999401,1623157611
0.250000,9.006319,1623157612
0.000000,9.011913,1623157613
0.740000,8.994839,1623157614
0.250000,9.001364,1623157615
0.250000,9.006025,1623157616
0.740000,8.999303,1623157618
0.000000,9.005632,1623157619
0.250000,9.008920,1623157620
0.000000,9.001364,1623157621
0.250000,8.995182,1623157622
0.000000,8.988509,1623157623
0.000000,8.980512,1623157624
0.000000,8.986939,1623157625
0.000000,8.992238,1623157626
0.250000,8.997979,1623157627
0.000000,8.996016,1623157628
0.000000,9.005534,1623157629
0.500000,9.005044,1623157630
0.000000,8.995084,1623157631
0.000000,9.000186,1623157632
0.000000,8.997145,1623157633
0.250000,9.002198,1623157634
0.000000,9.005338,1623157635
0.000000,9.005338,1623157636
0.000000,8.999450,1623157637
0.000000,8.992189,1623157638
0.250000,8.999058,1623157639
0.000000,9.007055,1623157640
0.250000,9.003277,1623157641
0.000000,8.995722,1623157642
0.000000,8.998420,1623157643
0.000000,9.008233,1623157644
0.500000,9.001756,1623157645
0.250000,9.008233,1623157646
0.000000,9.000481,1623157647
0.000000,9.002345,1623157648
0.000000,8.997979,1623157649
0.500000,9.000677,1623157650
0.000000,9.003964,1623157651
0.250000,9.003621,1623157652
0.000000,8.997733,1623157653
0.000000,9.004504,1623157654
0.000000,9.009852,1623157655
0.500000,9.002198,1623157656
0.250000,9.003523,1623157657
0.000000,9.006614,1623157658
0.000000,9.008282,1623157659
0.250000,9.005093,1623157660
0.000000,9.008282,1623157661
0.250000,9.003130,1623157662
0.250000,9.007988,1623157663
0.000000,9.009607,1623157664
0.250000,9.006908,1623157665
0.250000,9.004013,1623157666
0.000000,8.991159,1623157667
0.000000,8.997243,1623157668
0.250000,8.997145,1623157669
0.250000,9.003326,1623157670
0.000000,9.003425,1623157671
0.250000,9.004112,1623157672
0.000000,9.000824,1623157673
0.250000,9.005289,1623157674
0.500000,9.004210,1623157675
0.000000,9.004504,1623157676
0.000000,8.998126,1623157677
0.000000,8.999843,1623157678
0.000000,9.001904,1623157679
0.000000,9.001511,1623157680
0.000000,8.993759,1623157681
0.000000,8.994250,1623157682
0.000000,8.991159,1623157683
0.500000,8.992336,1623157684
0.000000,8.998322,1623157685
0.000000,8.995182,1623157686
25.690000,10.197725,1623157687
76.090000,9.427823,1623157688
91.450000,9.393822,1623157689
2.990000,9.306833,1623157690
0.000000,9.307765,1623157691
0.750000,9.297412,1623157692
0.750000,9.077854,1623157693
0.000000,9.075744,1623157694
0.000000,9.077559,1623157695
0.000000,9.078688,1623157696
0.000000,9.075253,1623157697
0.250000,9.073683,1623157698
0.000000,9.076676,1623157699
1.510000,9.058130,1623157700
0.000000,9.066716,1623157701
0.500000,9.076284,1623157702
0.250000,9.019468,1623157703
0.000000,9.011667,1623157704
0.750000,9.008429,1623157705
0.000000,9.010195,1623157706
0.000000,9.007203,1623157707
0.000000,9.010686,1623157708
0.000000,9.007497,1623157709
0.000000,9.000824,1623157710
0.500000,8.995673,1623157711
0.250000,8.998028,1623157712
0.250000,8.998567,1623157713
0.000000,9.001266,1623157714
0.250000,9.003768,1623157715
0.000000,9.008871,1623157716
0.000000,9.007006,1623157717
0.000000,9.012649,1623157718
0.000000,9.007791,1623157719
0.000000,9.001560,1623157720
0.750000,9.001609,1623157721
0.250000,9.001855,1623157722
0.000000,9.000628,1623157723
0.990000,9.002002,1623157724
0.250000,8.995133,1623157725
0.250000,8.996065,1623157726
2.270000,8.999058,1623157727
4.480000,9.003719,1623157728
3.030000,9.001021,1623157729
3.280000,9.005780,1623157730
3.530000,8.999598,1623157731
3.530000,9.001266,1623157732
3.280000,8.998715,1623157733
2.010000,9.009803,1623157734
0.250000,9.007988,1623157735
71.790000,9.946619,1623157736
76.520000,10.624822,1623157737
29.440000,9.302907,1623157738
0.000000,9.299522,1623157739
0.000000,9.292114,1623157740
0.000000,9.286766,1623157741
0.000000,9.094290,1623157742
0.000000,9.085066,1623157743
0.250000,9.079277,1623157744
0.000000,9.072849,1623157745
0.000000,9.072653,1623157746
0.250000,9.081534,1623157747
2.020000,9.152136,1623157748
0.000000,9.155423,1623157749
0.750000,9.158906,1623157750
0.000000,9.164794,1623157751
0.250000,9.026632,1623157752
0.000000,9.021382,1623157753
0.000000,9.022707,1623157754
0.000000,9.020646,1623157755
0.250000,9.016426,1623157756
0.000000,9.018732,1623157757
0.500000,9.017064,1623157758
1.750000,9.016230,1623157759
0.250000,9.015543,1623157760
0.500000,9.015151,1623157761
0.000000,9.012845,1623157762
0.250000,9.014464,1623157763
0.000000,9.017408,1623157764
0.000000,9.011716,1623157765
0.250000,9.013434,1623157766
0.250000,9.005976,1623157767
0.500000,9.005142,1623157768
0.000000,9.006172,1623157769
0.000000,9.005436,1623157770
0.000000,9.006074,1623157771
0.000000,9.007693,1623157773
0.000000,9.011471,1623157774
0.250000,9.014268,1623157775
0.000000,9.009361,1623157776
0.000000,9.002100,1623157777
0.250000,9.010686,1623157778
0.000000,9.014071,1623157779
0.500000,9.012452,1623157780
0.000000,9.008969,1623157781
0.000000,9.010490,1623157782
0.000000,9.013777,1623157783
0.000000,9.013973,1623157784
0.000000,9.010588,1623157785
0.000000,9.014955,1623157786
0.250000,9.013973,1623157787
0.250000,9.020646,1623157788
0.000000,9.011275,1623157789
0.000000,9.014268,1623157790
0.000000,9.014856,1623157791
0.000000,9.010293,1623157792
0.000000,9.008478,1623157793
0.250000,9.007350,1623157794
1.240000,9.005191,1623157795
0.000000,9.005240,1623157796
0.000000,9.002198,1623157797
0.000000,8.999254,1623157798
0.250000,8.997341,1623157799
1.000000,8.996850,1623157800
0.000000,8.993072,1623157801
0.250000,8.999352,1623157802
0.250000,9.000971,1623157803
0.500000,9.005632,1623157804
0.250000,9.010735,1623157805
2.260000,9.015592,1623157806
3.050000,9.010833,1623157807
4.260000,9.011814,1623157808
3.290000,9.004946,1623157809
4.260000,9.001658,1623157810
2.540000,8.998862,1623157811
3.750000,9.006957,1623157812
2.010000,9.011618,1623157813
0.000000,9.003228,1623157814
71.750000,10.366111,1623157815
75.510000,11.019194,1623157816
34.760000,9.297560,1623157817
0.500000,9.290691,1623157818
0.000000,9.286373,1623157819
0.250000,9.290445,1623157820
0.500000,9.102974,1623157821
0.000000,9.094977,1623157822
0.250000,9.091248,1623157823
0.000000,9.094143,1623157824
0.750000,9.078982,1623157825
0.000000,9.072702,1623157826
1.760000,9.139428,1623157827
0.000000,9.139036,1623157828
0.000000,9.139134,1623157829
0.250000,9.031685,1623157830
0.000000,9.020106,1623157831
0.000000,9.011275,1623157832
0.250000,9.010343,1623157833
0.500000,9.016525,1623157834
0.000000,9.016525,1623157835
0.000000,9.010735,1623157836
0.250000,9.015200,1623157837
0.250000,9.010244,1623157838
0.000000,9.010343,1623157839
0.750000,8.997880,1623157840
0.000000,9.000579,1623157841
0.000000,9.003768,1623157842
0.750000,8.998469,1623157843
0.000000,9.002247,1623157844
0.000000,9.000775,1623157845
0.250000,9.004946,1623157846
0.000000,9.015200,1623157847
2.010000,9.006957,1623157848
0.500000,9.008331,1623157849
0.000000,9.011373,1623157850
0.000000,9.011324,1623157851
0.250000,9.003964,1623157852
0.000000,9.003964,1623157853
0.250000,9.002640,1623157854
0.250000,9.001707,1623157855
0.250000,8.999696,1623157856
0.750000,8.997880,1623157857
0.500000,9.007350,1623157858
0.000000,9.010441,1623157859
0.250000,9.013826,1623157860
0.500000,9.013532,1623157861
0.000000,9.009950,1623157862
1.500000,9.013237,1623157863
3.770000,9.012845,1623157864
3.020000,9.010490,1623157865
4.730000,9.010637,1623157866
3.770000,9.004749,1623157867
2.540000,9.014513,1623157868
3.770000,9.007889,1623157869
3.780000,9.003376,1623157870
0.500000,9.009508,1623157871
0.000000,9.010343,1623157872
0.000000,9.011422,1623157873
0.000000,9.010833,1623157874
0.500000,9.007399,1623157875
0.250000,9.013924,1623157876
0.000000,9.003572,1623157877
0.500000,9.007742,1623157878
0.000000,9.006908,1623157879
0.000000,9.009852,1623157880
0.250000,9.012943,1623157881
0.000000,9.006663,1623157882
0.250000,9.003474,1623157883
0.000000,9.003081,1623157884
0.750000,9.012256,1623157885
0.000000,9.009656,1623157886
0.250000,9.010195,1623157887
0.000000,9.010637,1623157888
0.250000,9.015102,1623157889
0.000000,9.007595,1623157890
0.000000,9.000383,1623157891
0.500000,9.004749,1623157892
0.000000,9.012747,1623157893
0.500000,9.003572,1623157894
0.000000,9.002983,1623157895
0.000000,9.007350,1623157896
0.250000,9.009558,1623157897
0.000000,9.015740,1623157898
0.250000,9.005044,1623157899
0.250000,9.004308,1623157900
0.000000,9.002738,1623157901
0.000000,9.010048,1623157902
0.000000,9.014415,1623157903
0.250000,9.009656,1623157904
0.000000,9.012011,1623157905
0.250000,9.014709,1623157906
0.250000,9.010784,1623157907
0.000000,9.014709,1623157908
0.250000,9.010833,1623157909
0.000000,9.009607,1623157910
0.000000,9.012403,1623157911
0.000000,9.011864,1623157912
0.250000,9.015494,1623157913
0.000000,9.011324,1623157914
0.000000,9.012649,1623157915
0.000000,9.013090,1623157916
0.000000,9.014905,1623157917
0.250000,9.015789,1623157918
0.500000,9.014268,1623157919
0.000000,9.014709,1623157920
0.000000,9.008527,1623157921
0.000000,9.007153,1623157922
0.000000,9.001462,1623157923
0.000000,9.008037,1623157924
0.000000,9.009803,1623157925
0.000000,9.008086,1623157926
0.000000,9.016819,1623157927
0.250000,9.009607,1623157928
0.250000,9.013188,1623157930
0.500000,9.010980,1623157931
0.250000,9.012305,1623157932
0.000000,9.005583,1623157933
0.000000,9.015445,1623157934
0.000000,9.013875,1623157935
0.000000,9.007203,1623157936
0.500000,9.007840,1623157937
0.250000,9.005044,1623157938
0.000000,9.011913,1623157939
0.500000,9.006663,1623157940
0.000000,9.012109,1623157941
0.250000,9.016475,1623157942
0.000000,9.009607,1623157943
0.000000,9.009803,1623157944
0.500000,9.007497,1623157945
0.250000,9.009312,1623157946
0.000000,9.009018,1623157947
9.070000,9.355847,1623157948
90.160000,9.378269,1623157949
81.750000,9.674072,1623157950
10.380000,9.311641,1623157951
0.000000,9.301092,1623157952
0.000000,9.304428,1623157953
0.250000,9.301092,1623157954
0.750000,9.101306,1623157955
0.000000,9.088991,1623157956
0.000000,9.088402,1623157957
0.000000,9.084134,1623157958
0.500000,9.084919,1623157959
0.000000,9.075793,1623157960
2.530000,9.149094,1623157961
0.250000,9.148505,1623157962
0.000000,9.156159,1623157963
0.500000,9.045766,1623157964
0.000000,9.032666,1623157965
0.000000,9.029674,1623157966
0.750000,9.024571,1623157967
0.000000,9.028398,1623157968
0.000000,9.033648,1623157969
0.250000,9.032470,1623157970
0.000000,9.029379,1623157971
0.000000,9.035954,1623157972
0.000000,9.033402,1623157973
0.250000,9.033942,1623157974
0.000000,9.024669,1623157975
0.250000,9.026484,1623157976
0.500000,9.029085,1623157977
0.000000,9.023099,1623157978
2.000000,9.026533,1623157979
0.000000,9.019566,1623157980
0.000000,9.030409,1623157981
3.500000,9.029183,1623157982
0.250000,9.019861,1623157983
0.250000,9.017113,1623157984
0.000000,9.022756,1623157985
0.000000,9.023933,1623157986
0.750000,9.042773,1623157987
2.250000,9.039437,1623157988
3.540000,9.038996,1623157989
3.320000,9.038603,1623157990
2.790000,9.040909,1623157991
2.780000,9.041007,1623157992
3.770000,9.038947,1623157993
3.030000,9.031881,1623157994
3.020000,9.025356,1623157995
0.000000,9.021872,1623157996
49.500000,11.159466,1623157997
72.240000,10.678988,1623157998
51.510000,9.327047,1623157999
0.000000,9.322288,1623158000
0.000000,9.322337,1623158001
0.250000,9.315517,1623158002
0.000000,9.312082,1623158003
0.250000,9.314094,1623158004
0.500000,9.305998,1623158005
0.750000,9.116172,1623158006
0.250000,9.110432,1623158007
0.000000,9.103808,1623158008
2.990000,9.209442,1623158009
0.000000,9.210178,1623158010
0.000000,9.219990,1623158011
0.750000,9.214839,1623158012
0.500000,9.057787,1623158013
0.250000,9.046748,1623158014
0.000000,9.047925,1623158015
0.000000,9.046355,1623158016
0.250000,9.040860,1623158017
0.000000,9.041939,1623158018
0.000000,9.037916,1623158019
0.500000,9.041645,1623158020
0.250000,9.037229,1623158021
0.250000,9.035561,1623158022
0.000000,9.039143,1623158023
0.000000,9.037376,1623158024
0.500000,9.034187,1623158025
0.000000,9.031096,1623158026
0.000000,9.038063,1623158027
0.000000,9.039977,1623158028
0.000000,9.044049,1623158029
2.260000,9.040075,1623158030
0.000000,9.039977,1623158031
1.750000,9.039879,1623158032
0.000000,9.037278,1623158033
0.000000,9.039879,1623158034
0.000000,9.041547,1623158035
0.000000,9.042577,1623158036
0.250000,9.039682,1623158037
0.000000,9.043951,1623158038
0.000000,9.041351,1623158039
0.500000,9.036739,1623158040
0.000000,9.044049,1623158041
0.000000,9.037376,1623158042
0.000000,9.039192,1623158043
0.000000,9.042872,1623158044
0.000000,9.040026,1623158045
0.000000,9.031636,1623158046
0.500000,9.034236,1623158047
0.000000,9.039584,1623158048
0.250000,9.037573,1623158049
0.500000,9.030017,1623158050
0.000000,9.033697,1623158051
0.000000,9.039781,1623158052
0.000000,9.040664,1623158053
0.000000,9.038211,1623158054
0.250000,9.039682,1623158055
0.000000,9.039732,1623158056
0.250000,9.044491,1623158057
0.000000,9.038750,1623158058
0.000000,9.035365,1623158059
0.000000,9.038848,1623158060
0.000000,9.042087,1623158061
0.000000,9.034874,1623158062
0.500000,9.031734,1623158063
0.250000,9.033697,1623158064
0.750000,9.025307,1623158065
0.000000,9.036395,1623158066
0.250000,9.035512,1623158067
0.500000,9.038358,1623158068
1.260000,9.043362,1623158069
3.280000,9.038309,1623158070
3.750000,9.039928,1623158071
3.270000,9.039045,1623158072
3.530000,9.044049,1623158073
3.530000,9.042773,1623158074
2.790000,9.039584,1623158075
3.270000,9.042381,1623158076
0.500000,9.042626,1623158077
42.930000,11.009430,1623158079
76.830000,10.450353,1623158080
59.700000,9.344611,1623158081
0.000000,9.336123,1623158082
0.250000,9.328666,1623158083
0.000000,9.331561,1623158084
0.250000,9.126034,1623158085
0.000000,9.113964,1623158086
0.500000,9.107831,1623158087
0.250000,9.104103,1623158088
0.000000,9.108224,1623158089
0.000000,9.114455,1623158090
2.260000,9.175686,1623158091
0.000000,9.189571,1623158092
0.250000,9.189865,1623158093
0.000000,9.193055,1623158094
0.750000,9.059995,1623158095
0.250000,9.053371,1623158096
0.000000,9.055383,1623158097
0.250000,9.052684,1623158098
0.000000,9.055972,1623158099
0.500000,9.050182,1623158100
0.000000,9.042626,1623158101
0.000000,9.039732,1623158102
0.250000,9.041939,1623158103
0.000000,9.040320,1623158104
0.990000,9.043313,1623158105
0.000000,9.036886,1623158106
0.250000,9.037327,1623158107
0.250000,9.043902,1623158108
0.000000,9.039879,1623158109
0.000000,9.035659,1623158110
1.240000,9.046208,1623158111
0.750000,9.045864,1623158112
1.500000,9.039781,1623158113
0.000000,9.040320,1623158114
0.250000,9.041841,1623158115
0.000000,9.044834,1623158116
0.000000,9.042087,1623158117
0.750000,9.044834,1623158118
3.750000,9.047484,1623158119
4.240000,9.042381,1623158120
4.010000,9.048219,1623158121
3.760000,9.038554,1623158122
3.280000,9.036493,1623158123
3.020000,9.045914,1623158124
3.270000,9.035169,1623158125
1.500000,9.035071,1623158126
3.510000,9.162488,1623158127
87.690000,9.555191,1623158128
82.040000,9.650080,1623158129
7.360000,9.347408,1623158130
0.250000,9.331708,1623158131
0.250000,9.343826,1623158132
0.500000,9.128095,1623158133
0.000000,9.125004,1623158134
0.000000,9.113817,1623158135
0.000000,9.111855,1623158136
0.000000,9.111855,1623158137
0.250000,9.113327,1623158138
0.000000,9.112149,1623158139
2.270000,9.185254,1623158140
0.250000,9.186480,1623158141
0.000000,9.194625,1623158142
0.250000,9.070592,1623158143
0.000000,9.063871,1623158144
0.000000,9.062988,1623158145
0.250000,9.062988,1623158146
0.000000,9.055432,1623158147
0.000000,9.055432,1623158148
0.000000,9.052243,1623158149
0.250000,9.056413,1623158150
0.000000,9.045668,1623158151
0.500000,9.051850,1623158152
0.000000,9.047631,1623158153
0.000000,9.052243,1623158154
1.240000,9.054696,1623158155
0.000000,9.056511,1623158156
0.000000,9.057640,1623158157
2.000000,9.058327,1623158158
0.000000,9.052194,1623158159
0.000000,9.051654,1623158160
0.250000,9.052733,1623158161
0.000000,9.048906,1623158162
0.000000,9.054745,1623158163
0.250000,9.054254,1623158164
0.500000,9.051948,1623158165
0.000000,9.052046,1623158166
0.250000,9.056021,1623158167
0.250000,9.052930,1623158168
0.000000,9.052341,1623158169
0.500000,9.049201,1623158170
0.000000,9.053224,1623158171
0.000000,9.055922,1623158172
0.000000,9.054254,1623158173
0.000000,9.046502,1623158174
0.750000,9.051752,1623158175
0.500000,9.055236,1623158176
0.250000,9.054843,1623158177
0.500000,9.057443,1623158178
0.000000,9.053420,1623158179
0.000000,9.052046,1623158180
1.760000,9.047042,1623158181
4.260000,9.048661,1623158182
2.790000,9.052046,1623158183
2.780000,9.052635,1623158184
3.790000,9.052537,1623158185
3.990000,9.051703,1623158186
3.270000,9.054696,1623158187
2.020000,9.059897,1623158188
0.250000,9.057198,1623158189
56.930000,10.865723,1623158190
77.080000,11.138565,1623158191
43.150000,9.355994,1623158192
0.500000,9.340539,1623158193
0.250000,9.345102,1623158194
0.000000,9.344709,1623158195
0.500000,9.188541,1623158196
0.000000,9.181525,1623158197
0.000000,9.178336,1623158198
0.000000,9.176569,1623158199
1.000000,9.170436,1623158200
0.000000,9.169406,1623158201
2.510000,9.185793,1623158202
0.000000,9.184567,1623158203
1.500000,9.187658,1623158204
0.250000,9.184272,1623158205
0.000000,9.114995,1623158206
0.000000,9.104054,1623158207
0.250000,9.099883,1623158208
0.500000,9.102680,1623158209
0.000000,9.099932,1623158210
0.000000,9.095369,1623158211
0.000000,9.096400,1623158212
0.000000,9.095860,1623158213
0.250000,9.096694,1623158214
0.250000,9.097332,1623158215
0.000000,9.102042,1623158217
0.250000,9.106409,1623158218
0.000000,9.100030,1623158219
0.000000,9.095418,1623158220
0.250000,9.101699,1623158221
0.000000,9.098362,1623158222
0.250000,9.096007,1623158223
0.000000,9.095566,1623158224
0.000000,9.093848,1623158225
0.250000,9.098853,1623158226
0.000000,9.102729,1623158227
0.250000,9.102631,1623158228
0.000000,9.102533,1623158229
0.000000,9.098068,1623158230
1.000000,9.095958,1623158231
0.000000,9.096400,1623158232
0.000000,9.095762,1623158233
0.000000,9.103023,1623158234
0.000000,9.098362,1623158235
0.000000,9.096792,1623158236
0.000000,9.096743,1623158237
0.000000,9.098264,1623158238
0.000000,9.097675,1623158239
0.000000,9.099245,1623158240
0.250000,9.099638,1623158241
0.000000,9.096154,1623158242
0.000000,9.086980,1623158243
0.000000,9.091690,1623158244
0.000000,9.094781,1623158245
0.250000,9.096056,1623158246
0.000000,9.096056,1623158247
0.250000,9.104005,1623158248
0.000000,9.102042,1623158249
0.000000,9.103465,1623158250
0.000000,9.104250,1623158251
0.000000,9.105526,1623158252
0.000000,9.095320,1623158253
1.000000,9.093063,1623158254
0.250000,9.089433,1623158255
0.000000,9.091690,1623158256
0.000000,9.095762,1623158257
0.000000,9.097332,1623158258
0.000000,9.096056,1623158259
0.000000,9.097675,1623158260
1.000000,9.100521,1623158261
0.000000,9.095664,1623158262
0.500000,9.100766,1623158263
0.000000,9.103661,1623158264
0.250000,9.103121,1623158265
0.250000,9.094094,1623158266
0.000000,9.098264,1623158267
0.000000,9.099049,1623158268
0.000000,9.096988,1623158269
0.000000,9.097283,1623158270
0.000000,9.100766,1623158271
0.000000,9.098559,1623158272
0.000000,9.095173,1623158273
1.240000,9.102336,1623158274
0.000000,9.095615,1623158275
0.500000,9.088599,1623158276
0.000000,9.097185,1623158277
0.000000,9.103612,1623158278
0.000000,9.101846,1623158279
0.500000,9.103072,1623158280
4.000000,9.100864,1623158281
3.790000,9.097381,1623158282
3.540000,9.100472,1623158283
4.030000,9.096890,1623158284
4.490000,9.098264,1623158285
3.280000,9.097185,1623158286
3.980000,9.100472,1623158287
0.250000,9.094339,1623158288
23.430000,10.096459,1623158289
76.190000,9.650129,1623158290
75.190000,9.367279,1623158291
0.750000,9.354473,1623158292
0.250000,9.345004,1623158293
0.000000,9.350401,1623158294
0.500000,9.183733,1623158295
0.000000,9.178434,1623158296
0.000000,9.172301,1623158297
0.250000,9.164598,1623158298
0.000000,9.169504,1623158299
0.000000,9.159642,1623158300
2.260000,9.189669,1623158301
0.000000,9.190798,1623158302
0.000000,9.190896,1623158303
0.000000,9.199776,1623158304
0.750000,9.116908,1623158305
0.500000,9.106114,1623158306
0.250000,9.110039,1623158307
0.000000,9.105329,1623158308
0.000000,9.108666,1623158309
0.000000,9.111855,1623158310
0.250000,9.110530,1623158311
0.500000,9.110432,1623158312
0.000000,9.103563,1623158313
0.000000,9.105575,1623158314
0.250000,9.105869,1623158315
0.000000,9.102385,1623158316
0.250000,9.096400,1623158317
0.000000,9.098804,1623158318
0.000000,9.101993,1623158319
0.500000,9.107341,1623158320
0.250000,9.105476,1623158321
0.250000,9.100030,1623158322
0.000000,9.099687,1623158323
0.250000,9.097234,1623158324
0.000000,9.097872,1623158325
0.000000,9.103563,1623158326
0.500000,9.105771,1623158327
0.000000,9.108420,1623158328
0.000000,9.112738,1623158329
0.500000,9.111757,1623158330
0.250000,9.111413,1623158331
0.250000,9.102385,1623158332
0.000000,9.101650,1623158333
0.500000,9.096988,1623158334
0.250000,9.097283,1623158335
0.500000,9.102091,1623158336
1.250000,9.101993,1623158337
0.000000,9.098411,1623158338
0.250000,9.106360,1623158339
0.000000,9.099736,1623158340
0.000000,9.098951,1623158341
0.000000,9.097577,1623158342
1.750000,9.101404,1623158343
3.800000,9.100079,1623158344
3.520000,9.099196,1623158345
3.530000,9.109451,1623158346
4.250000,9.102876,1623158347
3.260000,9.104201,1623158348
2.280000,9.109647,1623158349
3.500000,9.112394,1623158350
0.500000,9.105182,1623158351
0.000000,9.095713,1623158352
0.000000,9.101404,1623158353
0.000000,9.105182,1623158354
0.000000,9.101502,1623158355
0.250000,9.102974,1623158356
0.250000,9.106360,1623158357
0.000000,9.105526,1623158358
0.500000,9.101895,1623158359
0.000000,9.101012,1623158360
0.000000,9.108224,1623158361
0.250000,9.101257,1623158362
0.000000,9.104642,1623158363
0.000000,9.105378,1623158364
0.250000,9.104250,1623158365
0.000000,9.107635,1623158366
0.250000,9.098264,1623158367
0.000000,9.107145,1623158368
0.000000,9.100963,1623158369
0.000000,9.102729,1623158370
0.000000,9.105722,1623158372
0.250000,9.105231,1623158373
0.000000,9.103955,1623158374
0.000000,9.103955,1623158375
0.000000,9.094879,1623158376
0.000000,9.100864,1623158377
0.250000,9.101650,1623158378
0.250000,9.101993,1623158379
0.000000,9.099344,1623158380
0.250000,9.106654,1623158381
0.250000,9.104299,1623158382
0.250000,9.106507,1623158383
0.000000,9.103955,1623158384
0.000000,9.101257,1623158385
0.000000,9.105526,1623158386
0.000000,9.104152,1623158387
0.250000,9.098608,1623158388
0.000000,9.100963,1623158389
0.250000,9.098706,1623158390
0.250000,9.097479,1623158391
0.000000,9.102238,1623158392
0.500000,9.100864,1623158393
0.250000,9.098509,1623158394
0.000000,9.109745,1623158395
1.240000,9.108224,1623158396
0.000000,9.111413,1623158397
0.000000,9.103857,1623158398
0.740000,9.101748,1623158399
0.000000,9.100178,1623158400
0.250000,9.099834,1623158401
0.000000,9.096988,1623158402
0.250000,9.100815,1623158403
0.000000,9.100963,1623158404
0.250000,9.109107,1623158405
0.000000,9.104103,1623158406
0.000000,9.106016,1623158407
0.000000,9.099589,1623158408
0.250000,9.104005,1623158409
0.250000,9.103612,1623158410
0.250000,9.100815,1623158411
0.000000,9.100472,1623158412
0.000000,9.101797,1623158413
0.250000,9.101306,1623158414
0.250000,9.104495,1623158415
0.000000,9.107537,1623158416
0.000000,9.107881,1623158417
0.000000,9.101208,1623158418
0.000000,9.104299,1623158419
0.000000,9.107881,1623158420
0.000000,9.104790,1623158421
0.000000,9.108666,1623158422
0.250000,9.103661,1623158423
0.000000,9.106801,1623158424
0.250000,9.104054,1623158425
0.000000,9.103220,1623158426
0.000000,9.109352,1623158427
43.970000,11.170456,1623158428
73.670000,10.712106,1623158429
57.110000,9.412221,1623158430
0.000000,9.408050,1623158431
0.000000,9.401770,1623158432
0.250000,9.401329,1623158433
0.250000,9.207087,1623158434
0.000000,9.196685,1623158435
0.000000,9.192613,1623158436
0.000000,9.192613,1623158437
0.250000,9.184861,1623158438
0.250000,9.182113,1623158439
2.270000,9.238831,1623158440
0.250000,9.251195,1623158441
0.000000,9.248791,1623158442
0.250000,9.254776,1623158443
0.250000,9.140998,1623158444
0.000000,9.130646,1623158445
0.000000,9.132756,1623158446
0.500000,9.135454,1623158447
0.000000,9.129174,1623158448
0.000000,9.126476,1623158449
0.250000,9.125691,1623158450
0.000000,9.127751,1623158451
0.250000,9.127751,1623158452
0.500000,9.126377,1623158453
0.000000,9.126476,1623158454
1.260000,9.129763,1623158455
0.000000,9.126377,1623158456
0.250000,9.129321,1623158457
1.000000,9.127261,1623158458
0.000000,9.126770,1623158459
0.250000,9.125494,1623158460
1.000000,9.127702,1623158461
0.000000,9.132559,1623158462
0.250000,9.122698,1623158463
0.250000,9.126672,1623158464
0.000000,9.125691,1623158465
0.000000,9.122894,1623158466
0.750000,9.120343,1623158467
3.530000,9.117154,1623158468
3.790000,9.117693,1623158469
4.750000,9.111364,1623158470
3.520000,9.114602,1623158471
3.270000,9.116810,1623158472
2.540000,9.119410,1623158473
2.030000,9.119803,1623158474
0.760000,9.119410,1623158475
4.270000,9.271065,1623158476
85.460000,9.404174,1623158477
82.070000,9.709447,1623158478
4.330000,9.423849,1623158479
0.000000,9.412221,1623158480
1.260000,9.404518,1623158481
0.500000,9.210963,1623158482
1.750000,9.200708,1623158483
0.750000,9.196832,1623158484
0.250000,9.197372,1623158485
0.250000,9.195655,1623158486
0.000000,9.190209,1623158487
0.000000,9.192466,1623158488
1.270000,9.266257,1623158489
0.250000,9.272341,1623158490
0.250000,9.273077,1623158491
0.500000,9.153117,1623158492
0.500000,9.148113,1623158493
0.000000,9.146641,1623158494
0.000000,9.143452,1623158495
0.000000,9.144335,1623158496
0.000000,9.141244,1623158497
0.250000,9.135062,1623158498
0.000000,9.137073,1623158499
0.250000,9.142323,1623158500
0.000000,9.141931,1623158501
1.000000,9.138840,1623158502
0.000000,9.136926,1623158503
0.000000,9.138692,1623158504
0.000000,9.131038,1623158505
0.000000,9.128487,1623158506
0.250000,9.130842,1623158507
0.750000,9.135503,1623158508
0.000000,9.136926,1623158509
0.000000,9.134031,1623158510
0.000000,9.133737,1623158511
0.000000,9.137024,1623158512
0.000000,9.128144,1623158513
0.000000,9.132510,1623158514
0.500000,9.124121,1623158515
0.250000,9.134129,1623158516
0.000000,9.131774,1623158518
0.000000,9.133639,1623158519
0.250000,9.132020,1623158520
0.000000,9.138005,1623158521
0.000000,9.135013,1623158522
0.000000,9.134767,1623158523
0.250000,9.139134,1623158524
0.500000,9.136632,1623158525
0.000000,9.127555,1623158526
0.000000,9.129125,1623158527
0.000000,9.130842,1623158528
0.000000,9.127261,1623158529
0.000000,9.130352,1623158530
0.750000,9.136534,1623158531
0.000000,9.140017,1623158532
0.250000,9.141293,1623158533
0.250000,9.134473,1623158534
0.740000,9.135013,1623158535
0.250000,9.130646,1623158536
0.000000,9.140410,1623158537
0.000000,9.136730,1623158538
0.000000,9.130352,1623158539
0.000000,9.126476,1623158540
0.000000,9.131137,1623158541
0.000000,9.137220,1623158542
0.000000,9.133197,1623158543
0.250000,9.133639,1623158544
0.000000,9.129959,1623158545
0.500000,9.138153,1623158546
0.000000,9.140606,1623158547
0.000000,9.136681,1623158548
0.000000,9.135552,1623158549
0.000000,9.136141,1623158550
0.250000,9.127064,1623158551
0.000000,9.132756,1623158552
0.250000,9.132854,1623158553
0.250000,9.126181,1623158554
0.000000,9.121030,1623158555
0.000000,9.120931,1623158556
0.000000,9.126377,1623158557
0.000000,9.123973,1623158558
0.000000,9.130352,1623158559
0.000000,9.124268,1623158560
1.750000,9.131137,1623158561
0.000000,9.130253,1623158562
0.000000,9.135356,1623158563
0.250000,9.136730,1623158564
0.250000,9.135552,1623158565
0.250000,9.135847,1623158566
1.510000,9.136681,1623158567
3.540000,9.130744,1623158568
4.010000,9.129567,1623158569
3.510000,9.133394,1623158570
2.780000,9.132854,1623158571
3.510000,9.130842,1623158572
3.260000,9.132559,1623158573
3.000000,9.135258,1623158574
0.000000,9.135062,1623158575
0.500000,9.138643,1623158576
0.250000,9.139625,1623158577
0.000000,9.132609,1623158578
0.250000,9.137564,1623158579
0.000000,9.138840,1623158580
0.000000,9.134129,1623158581
0.250000,9.136828,1623158582
0.000000,9.132314,1623158583
0.000000,9.129370,1623158584
0.000000,9.141636,1623158585
0.250000,9.132265,1623158586
0.250000,9.139036,1623158587
0.000000,9.137122,1623158588
0.250000,9.128929,1623158589
0.000000,9.136485,1623158590
0.500000,9.129763,1623158591
0.000000,9.132510,1623158592
0.000000,9.138202,1623158593
0.000000,9.136485,1623158594
0.250000,9.132118,1623158595
0.000000,9.138594,1623158596
0.000000,9.132609,1623158597
0.000000,9.126427,1623158598
0.000000,9.136092,1623158599
0.750000,9.129419,1623158600
0.000000,9.140115,1623158601
0.000000,9.139379,1623158602
0.250000,9.131725,1623158603
0.000000,9.135896,1623158604
0.250000,9.131137,1623158605
0.750000,9.130008,1623158606
0.250000,9.126476,1623158607
0.000000,9.128732,1623158608
0.000000,9.123728,1623158609
0.250000,9.128634,1623158610
0.250000,9.127015,1623158611
0.000000,9.130008,1623158612
0.000000,9.127015,1623158613
0.000000,9.126328,1623158614
0.000000,9.132216,1623158615
0.250000,9.134718,1623158616
0.000000,9.135111,1623158617
0.000000,9.135994,1623158618
0.000000,9.134424,1623158619
0.750000,9.141195,1623158620
0.500000,9.139576,1623158621
0.000000,9.131725,1623158622
0.000000,9.129174,1623158623
0.000000,9.131529,1623158624
0.000000,9.134914,1623158625
0.250000,9.139281,1623158626
0.500000,9.141980,1623158627
0.000000,9.142078,1623158628
0.000000,9.134326,1623158629
0.990000,9.132609,1623158630
0.000000,9.135258,1623158631
0.000000,9.133001,1623158632
0.000000,9.137907,1623158633
0.000000,9.136092,1623158634
0.250000,9.143991,1623158635
1.000000,9.139085,1623158636
0.250000,9.137907,1623158637
0.000000,9.138692,1623158638
0.000000,9.132461,1623158639
0.250000,9.134031,1623158640
0.000000,9.133933,1623158641
0.000000,9.135601,1623158642
0.000000,9.137613,1623158643
0.000000,9.132020,1623158644
0.000000,9.134522,1623158645
0.250000,9.131284,1623158646
0.000000,9.135454,1623158647
0.000000,9.132118,1623158648
0.000000,9.126819,1623158649
0.500000,9.129027,1623158650
29.000000,10.332944,1623158651
73.850000,9.552297,1623158652
87.090000,9.437439,1623158653
0.000000,9.422426,1623158654
0.000000,9.426842,1623158655
0.000000,9.425860,1623158656
0.000000,9.222100,1623158657
0.000000,9.215231,1623158658
0.000000,9.207675,1623158659
0.000000,9.211257,1623158660
0.250000,9.209246,1623158661
0.250000,9.198746,1623158662
0.000000,9.198893,1623158663
4.190000,9.342207,1623158664
0.250000,9.352952,1623158665
0.000000,9.351382,1623158666
0.000000,9.349861,1623158667
0.250000,9.349371,1623158668
0.750000,9.160035,1623158669
0.000000,9.160035,1623158670
0.250000,9.156846,1623158671
0.250000,9.148014,1623158672
0.250000,9.148947,1623158673
0.000000,9.139134,1623158674
0.000000,9.141832,1623158675
0.000000,9.142814,1623158676
0.000000,9.139379,1623158677
0.000000,9.141538,1623158679
0.000000,9.132069,1623158680
1.000000,9.137220,1623158681
0.250000,9.126574,1623158682
0.250000,9.133933,1623158683
0.000000,9.145414,1623158684
0.250000,9.144923,1623158685
2.500000,9.136043,1623158686
0.000000,9.136779,1623158687
0.500000,9.144825,1623158688
0.000000,9.151007,1623158689
0.000000,9.149535,1623158690
0.250000,9.146199,1623158691
0.000000,9.141832,1623158692
0.250000,9.136337,1623158693
1.510000,9.141195,1623158694
3.050000,9.136043,1623158695
3.560000,9.136534,1623158696
4.260000,9.138545,1623158697
3.310000,9.135454,1623158698
3.770000,9.142470,1623158699
3.980000,9.140459,1623158700
3.760000,9.146101,1623158701
0.250000,9.147278,1623158702
42.790000,11.006830,1623158703
76.620000,10.647588,1623158704
57.180000,9.446516,1623158705
0.250000,9.440236,1623158706
0.250000,9.432778,1623158707
0.000000,9.428755,1623158708
0.500000,9.232354,1623158709
0.000000,9.222100,1623158710
0.500000,9.212631,1623158711
0.250000,9.216114,1623158712
0.000000,9.215575,1623158713
0.000000,9.211650,1623158714
2.270000,9.257573,1623158715
0.000000,9.265816,1623158716
0.250000,9.266159,1623158717
0.250000,9.171712,1623158718
0.000000,9.157336,1623158719
0.250000,9.157631,1623158720
0.000000,9.156159,1623158721
0.500000,9.156502,1623158722
0.250000,9.149584,1623158723
0.250000,9.152675,1623158724
0.250000,9.156159,1623158725
0.250000,9.154344,1623158726
0.250000,9.146690,1623158727
0.250000,9.156159,1623158728
0.000000,9.153951,1623158729
0.000000,9.153068,1623158730
0.500000,9.153951,1623158731
0.750000,9.146395,1623158732
0.250000,9.151351,1623158733
0.000000,9.153166,1623158734
0.000000,9.156159,1623158735
0.250000,9.155815,1623158736
0.000000,9.152774,1623158737
0.250000,9.153313,1623158738
0.000000,9.153902,1623158739
0.000000,9.152872,1623158740
1.250000,9.157042,1623158741
0.000000,9.145807,1623158742
0.250000,9.154147,1623158743
0.000000,9.152774,1623158744
0.250000,9.155423,1623158745
0.000000,9.156748,1623158746
0.250000,9.155865,1623158747
0.000000,9.160427,1623158748
0.000000,9.156502,1623158749
0.000000,9.155865,1623158750
0.250000,9.155668,1623158751
0.750000,9.149388,1623158752
0.500000,9.155865,1623158753
0.000000,9.156355,1623158754
0.250000,9.153755,1623158755
0.500000,9.148603,1623158756
0.000000,9.152430,1623158757
0.000000,9.157238,1623158758
0.000000,9.147769,1623158759
3.520000,9.149094,1623158760
4.020000,9.150468,1623158761
4.000000,9.149143,1623158762
3.520000,9.151056,1623158763
4.000000,9.156895,1623158764
4.240000,9.153215,1623158765
4.230000,9.152577,1623158766
0.750000,9.155325,1623158767
7.290000,9.498327,1623158768
88.010000,9.495776,1623158769
84.340000,9.749090,1623158770
6.000000,9.444848,1623158771
0.000000,9.438421,1623158772
0.000000,9.441413,1623158773
0.500000,9.243786,1623158774
0.250000,9.239076,1623158775
0.250000,9.228282,1623158776
0.000000,9.227154,1623158777
0.000000,9.222983,1623158778
0.250000,9.215820,1623158779
0.000000,9.228478,1623158780
2.020000,9.239174,1623158781
0.250000,9.247957,1623158782
0.250000,9.249428,1623158783
0.000000,9.174067,1623158784
0.000000,9.169259,1623158785
1.000000,9.168278,1623158786
0.250000,9.164941,1623158787
0.000000,9.158367,1623158788
0.250000,9.157091,1623158789
0.250000,9.160526,1623158790
0.000000,9.164843,1623158791
0.000000,9.160280,1623158792
0.000000,9.157386,1623158793
0.000000,9.155963,1623158794
0.000000,9.151792,1623158795
0.250000,9.160231,1623158796
0.000000,9.161556,1623158797
2.010000,9.155227,1623158798
0.000000,9.161556,1623158799
0.000000,9.155717,1623158800
3.020000,9.157189,1623158801
0.000000,9.153902,1623158802
0.000000,9.151302,1623158803
0.250000,9.158367,1623158804
0.000000,9.155963,1623158805
0.250000,9.155423,1623158806
0.250000,9.151400,1623158807
0.000000,9.151204,1623158808
0.250000,9.157287,1623158809
0.250000,9.158857,1623158810
0.000000,9.161654,1623158811
0.000000,9.157778,1623158812
0.000000,9.145120,1623158813
0.250000,9.147622,1623158814
0.000000,9.155374,1623158815
0.000000,9.150909,1623158816
0.000000,9.146199,1623158817
0.250000,