cpu,ram,timestamp
71.570000,9.920812,1623159030
68.860000,9.406431,1623159031
0.000000,9.408296,1623159032
0.000000,9.400838,1623159033
0.000000,9.397796,1623159034
0.250000,9.189228,1623159035
0.000000,9.195655,1623159036
0.000000,9.192662,1623159037
0.500000,9.197667,1623159038
0.000000,9.193300,1623159039
0.750000,9.191877,1623159040
2.530000,9.240646,1623159041
0.000000,9.244522,1623159042
0.000000,9.247858,1623159043
0.250000,9.251734,1623159044
0.250000,9.141931,1623159046
0.000000,9.133344,1623159047
0.250000,9.126279,1623159048
0.250000,9.129076,1623159049
0.000000,9.127898,1623159050
0.000000,9.125592,1623159051
0.250000,9.134129,1623159052
0.000000,9.121226,1623159053
0.000000,9.125887,1623159054
0.000000,9.128978,1623159055
0.000000,9.124906,1623159056
0.500000,9.128585,1623159057
0.000000,9.131627,1623159058
0.750000,9.133492,1623159059
0.000000,9.132805,1623159060
2.000000,9.123434,1623159061
0.250000,9.122894,1623159062
0.250000,9.120931,1623159063
0.250000,9.124415,1623159064
0.250000,9.124906,1623159065
0.740000,9.125200,1623159066
0.000000,9.118969,1623159067
0.250000,9.113032,1623159068
0.250000,9.106752,1623159069
3.750000,9.106016,1623159070
3.030000,9.108322,1623159071
2.510000,9.105427,1623159072
2.010000,9.106850,1623159073
0.000000,9.108028,1623159074
49.010000,11.102356,1623159075
77.690000,11.093525,1623159076
49.740000,9.405401,1623159077
0.000000,9.401231,1623159078
0.000000,9.404027,1623159079
0.500000,9.401721,1623159080
0.500000,9.206694,1623159081
0.000000,9.207185,1623159082
0.250000,9.193987,1623159083
0.000000,9.196832,1623159084
0.000000,9.199776,1623159085
1.260000,9.193055,1623159086
2.020000,9.193938,1623159087
2.490000,9.206792,1623159088
0.000000,9.212484,1623159089
0.500000,9.141391,1623159090
0.000000,9.135258,1623159091
0.000000,9.131186,1623159092
0.000000,9.132707,1623159093
0.250000,9.133933,1623159094
0.250000,9.134031,1623159095
0.000000,9.128683,1623159096
0.000000,9.130842,1623159097
0.500000,9.123286,1623159098
0.250000,9.125543,1623159099
0.000000,9.121864,1623159100
0.000000,9.124758,1623159101
0.000000,9.122158,1623159102
0.250000,9.123090,1623159103
0.000000,9.124660,1623159104
0.250000,9.118724,1623159105
0.000000,9.120048,1623159106
0.250000,9.116663,1623159107
0.250000,9.114995,1623159108
0.000000,9.121177,1623159109
0.000000,9.119999,1623159110
0.000000,9.111266,1623159111
0.000000,9.104152,1623159112
0.500000,9.111708,1623159113
0.000000,9.109892,1623159114
0.250000,9.116369,1623159115
0.500000,9.118969,1623159116
0.250000,9.110530,1623159117
0.250000,9.105967,1623159118
0.250000,9.112787,1623159119
0.000000,9.112296,1623159120
0.250000,9.114700,1623159121
0.000000,9.117988,1623159122
3.500000,9.115485,1623159123
3.020000,9.110334,1623159124
2.030000,9.112542,1623159125
2.740000,9.112002,1623159126
0.000000,9.114798,1623159127
47.870000,11.265099,1623159128
75.760000,10.910126,1623159129
50.630000,9.415214,1623159130
0.000000,9.415900,1623159131
0.000000,9.414232,1623159132
0.000000,9.410749,1623159133
0.500000,9.200071,1623159134
0.250000,9.200022,1623159135
0.000000,9.199040,1623159136
0.250000,9.200512,1623159137
0.250000,9.196293,1623159138
0.000000,9.196832,1623159139
1.770000,9.209049,1623159140
0.000000,9.214544,1623159141
0.000000,9.222394,1623159142
0.500000,9.227301,1623159143
0.000000,9.144972,1623159144
0.250000,9.137122,1623159145
0.000000,9.130204,1623159146
0.250000,9.128487,1623159147
0.000000,9.127408,1623159148
0.000000,9.124170,1623159149
0.250000,9.127113,1623159150
0.000000,9.131382,1623159151
0.250000,9.130499,1623159152
0.500000,9.130597,1623159153
0.000000,9.137466,1623159154
0.250000,9.127113,1623159155
0.000000,9.131431,1623159156
0.250000,9.125200,1623159157
0.750000,9.124464,1623159158
0.000000,9.121177,1623159159
0.000000,9.123826,1623159160
0.000000,9.121765,1623159161
0.250000,9.123237,1623159162
0.250000,9.129812,1623159163
0.990000,9.127064,1623159164
0.000000,9.131823,1623159165
0.250000,9.135503,1623159166
0.500000,9.130008,1623159167
0.000000,9.129763,1623159168
0.000000,9.126917,1623159169
0.500000,9.125789,1623159170
2.530000,9.126721,1623159171
2.530000,9.127849,1623159172
2.020000,9.123973,1623159173
7.110000,9.318804,1623159174
0.250000,9.311592,1623159175
57.890000,11.276335,1623159177
71.390000,11.132334,1623159178
47.370000,9.487631,1623159179
0.250000,9.478996,1623159180
0.000000,9.478358,1623159181
0.000000,9.479781,1623159182
0.750000,9.274058,1623159183
0.250000,9.267876,1623159184
0.000000,9.264932,1623159185
0.000000,9.263657,1623159186
0.250000,9.261940,1623159187
0.000000,9.263461,1623159188
2.510000,9.279750,1623159189
0.000000,9.284852,1623159190
0.000000,9.283282,1623159191
0.000000,9.271949,1623159192
0.000000,9.196931,1623159193
0.000000,9.199629,1623159194
0.000000,9.197029,1623159195
0.000000,9.198010,1623159196
0.250000,9.197127,1623159197
0.000000,9.194625,1623159198
0.500000,9.194085,1623159199
0.250000,9.191239,1623159200
0.000000,9.194183,1623159201
0.000000,9.191337,1623159202
0.000000,9.183782,1623159203
0.000000,9.185597,1623159204
0.750000,9.190454,1623159205
0.250000,9.179709,1623159206
0.250000,9.180102,1623159207
0.000000,9.182997,1623159208
0.000000,9.177501,1623159209
1.500000,9.180691,1623159210
0.000000,9.185057,1623159211
0.000000,9.182898,1623159212
0.000000,9.179709,1623159213
0.250000,9.173135,1623159214
0.250000,9.173429,1623159215
0.000000,9.176030,1623159216
0.000000,9.180985,1623159217
0.000000,9.182506,1623159218
0.500000,9.183487,1623159219
0.000000,9.183487,1623159220
0.250000,9.185499,1623159221
0.000000,9.182898,1623159222
0.000000,9.183880,1623159223
0.250000,9.179121,1623159224
0.000000,9.175931,1623159225
0.000000,9.182310,1623159226
0.250000,9.179955,1623159227
0.000000,9.185695,1623159228
0.000000,9.182506,1623159229
0.000000,9.178483,1623159230
0.000000,9.179906,1623159231
0.250000,9.187461,1623159232
0.250000,9.182113,1623159233
4.480000,9.180102,1623159234
2.530000,9.182702,1623159235
3.260000,9.192221,1623159236
2.510000,9.181279,1623159237
0.500000,9.179415,1623159238
35.090000,10.717994,1623159239
77.440000,10.387748,1623159240
66.750000,9.444652,1623159241
0.000000,9.440972,1623159242
0.250000,9.439353,1623159243
0.250000,9.440677,1623159244
0.250000,9.279406,1623159245
0.250000,9.274794,1623159246
0.250000,9.265325,1623159247
0.000000,9.260664,1623159248
0.000000,9.263657,1623159249
0.500000,9.257867,1623159250
2.750000,9.338528,1623159251
0.000000,9.334455,1623159252
0.250000,9.339999,1623159253
0.250000,9.342894,1623159254
0.750000,9.216360,1623159255
0.000000,9.208460,1623159256
0.000000,9.206400,1623159257
0.000000,9.206400,1623159258
0.000000,9.201837,1623159259
0.250000,9.206694,1623159260
0.000000,9.202131,1623159261
1.000000,9.202082,1623159262
0.000000,9.203211,1623159263
0.500000,9.198746,1623159264
0.250000,9.202573,1623159265
0.000000,9.205860,1623159266
0.250000,9.197127,1623159267
0.000000,9.200414,1623159268
0.000000,9.192171,1623159269
0.000000,9.195655,1623159270
0.750000,9.192662,1623159271
0.000000,9.195949,1623159272
0.000000,9.192466,1623159273
0.990000,9.200610,1623159274
0.750000,9.207577,1623159275
0.000000,9.203505,1623159276
0.250000,9.201935,1623159277
0.250000,9.203898,1623159278
0.000000,9.195753,1623159279
0.250000,9.196832,1623159280
3.020000,9.197127,1623159281
2.290000,9.191534,1623159282
3.740000,9.187559,1623159283
3.510000,9.183095,1623159284
0.000000,9.185352,1623159285
16.710000,9.927386,1623159286
77.580000,9.616030,1623159287
85.380000,9.500388,1623159288
0.500000,9.498033,1623159289
0.250000,9.492832,1623159290
0.250000,9.489839,1623159291
0.250000,9.290347,1623159292
0.500000,9.287992,1623159293
0.250000,9.283380,1623159294
0.250000,9.273224,1623159295
0.250000,9.279602,1623159296
1.000000,9.271850,1623159297
0.000000,9.272930,1623159298
2.510000,9.355651,1623159299
0.000000,9.365807,1623159300
0.000000,9.371498,1623159301
1.000000,9.229607,1623159302
0.000000,9.220824,1623159303
0.000000,9.215035,1623159304
0.000000,9.212238,1623159305
0.000000,9.206007,1623159306
0.000000,9.202769,1623159307
0.000000,9.202720,1623159308
0.250000,9.206498,1623159309
0.250000,9.208313,1623159310
0.000000,9.211797,1623159311
0.000000,9.208902,1623159313
0.000000,9.215575,1623159314
0.250000,9.216114,1623159315
0.000000,9.205664,1623159316
0.000000,9.212631,1623159317
0.000000,9.209442,1623159318
1.760000,9.211993,1623159319
0.000000,9.215526,1623159320
0.250000,9.212386,1623159321
0.250000,9.212827,1623159322
0.000000,9.211551,1623159323
0.000000,9.212582,1623159324
0.250000,9.206498,1623159325
0.250000,9.209638,1623159326
0.250000,9.212729,1623159327
0.250000,9.206940,1623159328
0.000000,9.208068,1623159329
0.500000,9.207872,1623159330
0.000000,9.210865,1623159331
0.500000,9.214446,1623159332
0.000000,9.215231,1623159333
0.000000,9.219892,1623159334
0.250000,9.213023,1623159335
0.250000,9.211061,1623159336
0.000000,9.204388,1623159337
0.500000,9.213563,1623159338
0.000000,9.210766,1623159339
0.000000,9.209147,1623159340
0.250000,9.209687,1623159341
0.500000,9.213759,1623159342
0.000000,9.211355,1623159343
0.500000,9.214741,1623159344
0.000000,9.205222,1623159345
0.500000,9.205566,1623159346
0.000000,9.227006,1623159347
0.000000,9.229901,1623159348
0.250000,9.230539,1623159349
0.000000,9.221659,1623159350
0.000000,9.213318,1623159351
0.000000,9.205713,1623159352
0.000000,9.197078,1623159353
0.000000,9.209540,1623159354
0.000000,9.205958,1623159355
0.500000,9.209589,1623159356
0.000000,9.201690,1623159357
0.500000,9.205860,1623159358
0.000000,9.202279,1623159359
0.000000,9.203064,1623159360
0.000000,9.197912,1623159361
0.250000,9.201297,1623159362
0.000000,9.195851,1623159363
0.000000,9.195851,1623159364
0.000000,9.200807,1623159365
0.000000,9.204584,1623159366
0.000000,9.202475,1623159367
0.000000,9.204290,1623159368
0.000000,9.203162,1623159369
0.250000,9.213956,1623159370
0.000000,9.207283,1623159371
0.500000,9.202769,1623159372
0.500000,9.206989,1623159373
0.000000,9.205762,1623159374
0.000000,9.210816,1623159375
0.250000,9.211012,1623159376
0.250000,9.210914,1623159377
1.010000,9.213563,1623159378
3.250000,9.213416,1623159379
3.480000,9.207577,1623159380
3.750000,9.200954,1623159381
2.230000,9.205026,1623159382
2.990000,9.294518,1623159383
87.220000,9.822734,1623159384
74.230000,10.897369,1623159385
29.260000,9.508581,1623159386
0.000000,9.498425,1623159387
0.000000,9.499112,1623159388
1.240000,9.297756,1623159389
0.000000,9.285833,1623159390
0.250000,9.280044,1623159391
0.000000,9.280486,1623159392
0.500000,9.288679,1623159393
0.000000,9.275089,1623159394
0.500000,9.276070,1623159395
2.510000,9.311150,1623159396
0.000000,9.311445,1623159397
0.000000,9.312426,1623159398
0.250000,9.228527,1623159399
0.000000,9.224308,1623159400
0.750000,9.223327,1623159401
0.000000,9.224602,1623159402
0.000000,9.227988,1623159403
0.000000,9.226025,1623159404
0.250000,9.216213,1623159405
1.250000,9.207626,1623159406
1.000000,9.207970,1623159407
0.000000,9.218028,1623159408
0.250000,9.211110,1623159409
0.000000,9.210766,1623159410
0.250000,9.218518,1623159411
0.500000,9.214741,1623159412
0.000000,9.204486,1623159413
0.250000,9.206645,1623159414
0.250000,9.211650,1623159415
0.000000,9.216948,1623159416
0.250000,9.211404,1623159417
0.000000,9.211650,1623159418
0.000000,9.207872,1623159419
0.250000,9.212484,1623159420
0.000000,9.213171,1623159421
0.250000,9.211061,1623159422
0.000000,9.207283,1623159423
0.000000,9.211551,1623159424
0.000000,9.211453,1623159425
0.000000,9.211453,1623159426
0.000000,9.201788,1623159427
0.000000,9.206989,1623159428
0.000000,9.216556,1623159429
0.000000,9.214790,1623159430
0.250000,9.209883,1623159431
0.250000,9.206890,1623159432
0.000000,9.208951,1623159433
0.250000,9.207577,1623159434
0.000000,9.204192,1623159435
0.000000,9.211650,1623159436
0.000000,9.211061,1623159437
0.000000,9.206989,1623159438
0.250000,9.212876,1623159439
0.250000,9.208019,1623159440
0.000000,9.210276,1623159441
0.250000,9.212582,1623159442
0.000000,9.213171,1623159443
0.500000,9.215771,1623159444
0.500000,9.210619,1623159445
0.000000,9.219451,1623159446
0.000000,9.217488,1623159447
0.000000,9.213171,1623159448
0.250000,9.214446,1623159449
0.250000,9.217537,1623159450
2.760000,9.217439,1623159451
2.510000,9.212680,1623159452
3.730000,9.208608,1623159453
1.760000,9.205173,1623159454
0.000000,9.212042,1623159455
63.500000,11.142588,1623159456
75.950000,11.025915,1623159458
37.010000,9.520749,1623159459
0.000000,9.512653,1623159460
0.250000,9.510200,1623159461
0.000000,9.501467,1623159462
0.250000,9.307323,1623159463
0.250000,9.306097,1623159464
0.000000,9.297756,1623159465
0.000000,9.287403,1623159466
0.250000,9.288483,1623159467
0.000000,9.290200,1623159468
2.020000,9.331168,1623159469
0.000000,9.337350,1623159470
0.250000,9.338626,1623159471
0.000000,9.337350,1623159472
1.000000,9.241725,1623159473
0.000000,9.227595,1623159474
0.000000,9.220089,1623159475
0.250000,9.229263,1623159476
0.250000,9.222542,1623159477
0.250000,9.226270,1623159478
0.000000,9.228086,1623159479
0.000000,9.225436,1623159480
0.000000,9.221511,1623159481
0.000000,9.222394,1623159482
0.250000,9.217733,1623159483
0.250000,9.219451,1623159484
0.250000,9.227056,1623159485
0.250000,9.221659,1623159486
0.000000,9.226565,1623159487
0.500000,9.219353,1623159488
1.510000,9.218420,1623159489
0.000000,9.213514,1623159490
0.250000,9.218960,1623159491
0.000000,9.215820,1623159492
0.250000,9.217096,1623159493
0.250000,9.219353,1623159494
0.000000,9.219402,1623159495
0.000000,9.212140,1623159496
0.250000,9.210031,1623159497
0.000000,9.215427,1623159498
0.000000,9.218224,1623159499
0.500000,9.218224,1623159500
0.000000,9.225044,1623159501
0.000000,9.221413,1623159502
0.250000,9.221560,1623159503
0.750000,9.225878,1623159504
0.000000,9.224014,1623159505
0.250000,9.219500,1623159506
0.000000,9.221413,1623159507
0.000000,9.219303,1623159508
0.000000,9.220089,1623159509
0.500000,9.210227,1623159510
3.980000,9.215526,1623159511
2.530000,9.206302,1623159512
4.000000,9.206253,1623159513
1.760000,9.209049,1623159514
0.000000,9.206351,1623159515
0.000000,9.204437,1623159516
0.250000,9.206007,1623159517
0.000000,9.215427,1623159518
0.000000,9.207038,1623159519
0.000000,9.208853,1623159520
0.500000,9.211601,1623159521
0.000000,9.214544,1623159522
0.250000,9.205566,1623159523
0.500000,9.202867,1623159524
0.000000,9.209246,1623159525
0.000000,9.207234,1623159526
0.000000,9.212336,1623159527
0.250000,9.218469,1623159528
0.000000,9.221021,1623159529
0.000000,9.222394,1623159530
0.000000,9.222591,1623159531
0.250000,9.227791,1623159532
0.990000,9.228429,1623159533
0.000000,9.223719,1623159534
0.000000,9.216213,1623159535
0.250000,9.227203,1623159536
0.000000,9.230245,1623159537
0.000000,9.227595,1623159538
0.500000,9.228871,1623159539
0.000000,9.217832,1623159540
0.000000,9.216703,1623159541
0.000000,9.220923,1623159542
0.500000,9.219402,1623159543
0.000000,9.214937,1623159544
0.000000,9.225584,1623159545
0.250000,9.226614,1623159546
0.000000,9.220923,1623159547
0.000000,9.216752,1623159548
0.000000,9.223032,1623159549
0.000000,9.222885,1623159550
0.500000,9.229558,1623159551
0.000000,9.221021,1623159552
1.000000,9.223130,1623159553
0.000000,9.231275,1623159554
0.000000,9.228871,1623159555
0.000000,9.224014,1623159556
0.000000,9.228576,1623159557
0.250000,9.228576,1623159558
0.000000,9.231177,1623159559
0.000000,9.234366,1623159560
0.000000,9.232551,1623159561
0.000000,9.225191,1623159562
0.250000,9.224357,1623159563
0.250000,9.220726,1623159564
0.250000,9.229312,1623159565
0.000000,9.225191,1623159566
0.250000,9.215035,1623159567
0.000000,9.215035,1623159568
0.740000,9.218764,1623159569
0.000000,9.224799,1623159570
0.000000,9.230539,1623159571
0.000000,9.226221,1623159572
0.500000,9.229411,1623159573
0.000000,9.233188,1623159574
0.000000,9.227890,1623159575
0.500000,9.224161,1623159576
0.250000,9.228576,1623159577
0.000000,9.231177,1623159578
0.000000,9.218813,1623159579
0.500000,9.222198,1623159580
0.000000,9.223474,1623159581
0.000000,9.220236,1623159582
0.250000,9.221806,1623159583
0.000000,9.219598,1623159584
0.000000,9.221806,1623159585
0.250000,9.221708,1623159586
0.000000,9.220432,1623159587
0.000000,9.215329,1623159588
0.000000,9.220530,1623159589
0.000000,9.221413,1623159590
0.250000,9.232796,1623159591
0.000000,9.226810,1623159592
0.000000,9.234072,1623159593
10.670000,9.546703,1623159594
87.690000,9.521485,1623159595
84.290000,9.845205,1623159596
7.580000,9.519424,1623159597
0.000000,9.512850,1623159598
0.000000,9.514665,1623159599
0.000000,9.309678,1623159600
0.000000,9.301092,1623159601
0.740000,9.298148,1623159602
0.500000,9.303349,1623159603
0.000000,9.302024,1623159604
0.000000,9.295744,1623159605
0.000000,9.294469,1623159606
2.510000,9.343630,1623159607
0.000000,9.348193,1623159608
0.250000,9.342256,1623159609
0.000000,9.349567,1623159610
0.750000,9.243884,1623159611
0.250000,9.236525,1623159612
0.000000,9.231667,1623159614
0.250000,9.229067,1623159615
0.000000,9.231177,1623159616
0.000000,9.233434,1623159617
0.000000,9.231962,1623159618
0.000000,9.228773,1623159619
0.250000,9.226761,1623159620
0.740000,9.222591,1623159621
0.000000,9.223866,1623159622
0.000000,9.217243,1623159623
0.250000,9.216899,1623159624
0.000000,9.222591,1623159625
0.000000,9.213759,1623159626
0.000000,9.220677,1623159627
0.000000,9.217979,1623159628
2.260000,9.216605,1623159629
0.000000,9.223180,1623159630
0.000000,9.222689,1623159631
0.000000,9.222689,1623159632
0.000000,9.222983,1623159633
0.250000,9.226221,1623159634
2.510000,9.233188,1623159635
2.020000,9.228380,1623159636
2.990000,9.226859,1623159637
2.500000,9.224112,1623159638
0.500000,9.223768,1623159639
0.250000,9.226908,1623159640
0.000000,9.219647,1623159641
0.750000,9.222640,1623159642
0.000000,9.222345,1623159643
0.000000,9.231667,1623159644
0.250000,9.236476,1623159645
0.000000,9.229312,1623159646
0.250000,9.229214,1623159647
0.000000,9.232452,1623159648
0.000000,9.235985,1623159649
0.740000,9.232502,1623159650
0.000000,9.233287,1623159651
0.000000,9.229901,1623159652
0.250000,9.223327,1623159653
0.000000,9.226614,1623159654
0.000000,9.230097,1623159655
0.000000,9.226418,1623159656
0.250000,9.235543,1623159657
0.000000,9.233728,1623159658
0.000000,9.229607,1623159659
0.000000,9.222836,1623159660
0.250000,9.227006,1623159661
0.000000,9.232011,1623159662
0.000000,9.226025,1623159663
0.000000,9.231569,1623159664
0.000000,9.222640,1623159665
0.000000,9.227350,1623159666
0.250000,9.228233,1623159667
0.000000,9.229901,1623159668
0.500000,9.232894,1623159669
0.000000,9.235985,1623159670
0.000000,9.231030,1623159671
0.740000,9.228429,1623159672
0.000000,9.234415,1623159673
0.250000,9.234023,1623159674
0.000000,9.228920,1623159675
0.000000,9.221659,1623159676
0.250000,9.224848,1623159677
0.000000,9.230833,1623159678
0.000000,9.227154,1623159679
0.250000,9.234219,1623159680
0.250000,9.228233,1623159681
0.000000,9.224848,1623159682
0.000000,9.231030,1623159683
0.000000,9.238585,1623159684
0.250000,9.243099,1623159685
0.000000,9.243835,1623159686
0.000000,9.227644,1623159687
0.250000,9.227742,1623159688
0.250000,9.234023,1623159689
0.000000,9.233434,1623159690
0.250000,9.233630,1623159691
0.000000,9.229018,1623159692
0.250000,9.233336,1623159693
0.000000,9.223670,1623159694
0.000000,9.232011,1623159695
0.000000,9.233139,1623159696
0.000000,9.235102,1623159697
0.000000,9.233434,1623159698
0.000000,9.237653,1623159699
0.000000,9.234611,1623159700
0.000000,9.226565,1623159701
0.000000,9.231128,1623159702
0.000000,9.230441,1623159703
0.250000,9.239125,1623159704
0.000000,9.227252,1623159705
0.000000,9.221168,1623159706
0.000000,9.221462,1623159707
0.000000,9.230637,1623159708
0.250000,9.231422,1623159709
0.000000,9.227546,1623159710
0.000000,9.227742,1623159711
0.250000,9.233532,1623159712
0.000000,9.233041,1623159713
0.000000,9.230784,1623159714
0.250000,9.227988,1623159715
0.250000,9.225927,1623159716
0.000000,9.230343,1623159717
0.250000,9.234317,1623159718
60.050000,11.492655,1623159719
74.550000,11.162066,1623159720
47.720000,9.527471,1623159721
0.000000,9.525214,1623159722
0.000000,9.517265,1623159723
0.750000,9.518247,1623159724
0.500000,9.326311,1623159725
0.000000,9.321159,1623159726
0.000000,9.319883,1623159727
0.250000,9.311935,1623159728
0.000000,9.313800,1623159729
0.250000,9.309040,1623159730
2.260000,9.320178,1623159731
0.000000,9.329058,1623159732
0.250000,9.330726,1623159733
0.000000,9.333425,1623159734
0.250000,9.252667,1623159735
0.000000,9.245209,1623159736
0.500000,9.238733,1623159737
0.000000,9.236721,1623159738
0.000000,9.237015,1623159739
0.000000,9.236476,1623159740
0.000000,9.242363,1623159741
0.250000,9.235691,1623159742
0.000000,9.233483,1623159743
0.000000,9.235593,1623159744
0.000000,9.229116,1623159745
0.000000,9.233875,1623159746
0.000000,9.234513,1623159747
0.000000,9.238684,1623159748
0.500000,9.230294,1623159749
0.000000,9.227448,1623159750
1.250000,9.229460,1623159751
2.500000,9.228724,1623159752
0.000000,9.225093,1623159753
0.000000,9.231766,1623159754
0.000000,9.231422,1623159755
0.000000,9.233188,1623159756
0.000000,9.230097,1623159757
1.750000,9.226614,1623159758
2.770000,9.228626,1623159759
3.020000,9.227791,1623159760
3.490000,9.231030,1623159761
1.990000,9.219794,1623159762
3.490000,9.335731,1623159763
87.150000,9.769108,1623159765
80.200000,9.866302,1623159766
11.840000,9.539099,1623159767
0.500000,9.526489,1623159768
0.000000,9.523938,1623159769
0.000000,9.525361,1623159770
0.250000,9.326703,1623159771
0.000000,9.316302,1623159772
0.000000,9.310169,1623159773
0.000000,9.305802,1623159774
0.000000,9.312033,1623159775
0.000000,9.309089,1623159776
2.270000,9.361538,1623159777
0.000000,9.364973,1623159778
0.000000,9.374246,1623159779
0.000000,9.370958,1623159780
0.250000,9.253304,1623159781
0.000000,9.248447,1623159782
0.750000,9.240891,1623159783
0.000000,9.236623,1623159784
0.250000,9.233924,1623159785
0.000000,9.237064,1623159786
0.250000,9.229754,1623159787
0.000000,9.231128,1623159788
0.000000,9.236083,1623159789
0.250000,9.238684,1623159790
0.990000,9.230245,1623159791
0.000000,9.229705,1623159792
0.500000,9.229705,1623159793
0.000000,9.236868,1623159794
0.250000,9.227056,1623159795
0.000000,9.232894,1623159796
0.000000,9.233924,1623159797
1.250000,9.233777,1623159798
0.000000,9.236230,1623159799
0.000000,9.230686,1623159800
0.000000,9.232403,1623159801
0.000000,9.235985,1623159802
0.000000,9.239861,1623159803
0.000000,9.240254,1623159804
0.000000,9.241578,1623159805
0.500000,9.242854,1623159806
0.000000,9.236525,1623159807
1.240000,9.241971,1623159808
0.740000,9.239861,1623159809
0.000000,9.242216,1623159810
0.250000,9.239125,1623159811
1.500000,9.234808,1623159812
3.270000,9.233875,1623159813
2.780000,9.241775,1623159814
2.760000,9.241284,1623159815
1.500000,9.242658,1623159816
0.000000,9.238095,1623159817
82.090000,9.875673,1623159818
74.230000,10.876959,1623159819
26.200000,9.507109,1623159820
0.000000,9.498965,1623159821
0.000000,9.497051,1623159822
0.750000,9.330972,1623159823
0.000000,9.325918,1623159824
0.000000,9.326409,1623159825
0.740000,9.322386,1623159826
0.000000,9.314241,1623159827
0.000000,9.310758,1623159828
0.000000,9.313996,1623159829
2.020000,9.354718,1623159830
0.000000,9.364384,1623159831
0.250000,9.358643,1623159832
0.500000,9.267484,1623159833
0.250000,9.260124,1623159834
0.000000,9.257818,1623159835
0.000000,9.254531,1623159836
0.000000,9.256837,1623159837
0.250000,9.252519,1623159838
0.000000,9.261007,1623159839
0.250000,9.262234,1623159840
0.000000,9.255512,1623159841
0.000000,9.254237,1623159842
0.750000,9.251293,1623159843
0.250000,9.253844,1623159844
0.250000,9.257916,1623159845
0.250000,9.259486,1623159846
0.000000,9.254580,1623159847
2.010000,9.250949,1623159848
0.250000,9.248545,1623159849
0.000000,9.247171,1623159850
0.000000,9.251097,1623159851
0.000000,9.256592,1623159852
0.000000,9.250066,1623159853
0.000000,9.250753,1623159854
0.000000,9.253255,1623159855
0.000000,9.254531,1623159856
0.250000,9.260811,1623159857
0.000000,9.254825,1623159858
0.000000,9.249625,1623159859
0.000000,9.246877,1623159860
0.250000,9.250459,1623159861
0.000000,9.250164,1623159862
0.500000,9.256641,1623159863
0.250000,9.248791,1623159864
0.000000,9.248545,1623159865
0.250000,9.248545,1623159866
0.000000,9.245062,1623159867
0.250000,9.248545,1623159868
0.740000,9.249968,1623159869
0.000000,9.250606,1623159870
0.000000,9.250557,1623159871
0.250000,9.253452,1623159872
0.000000,9.249134,1623159873
0.000000,9.247957,1623159874
0.740000,9.247809,1623159875
0.000000,9.246975,1623159876
0.000000,9.253255,1623159877
0.500000,9.247858,1623159878
0.000000,9.240597,1623159879
0.000000,9.246779,1623159880
0.000000,9.249772,1623159881
0.500000,9.252814,1623159882
0.250000,9.249919,1623159883
0.000000,9.253010,1623159884
0.250000,9.253304,1623159885
0.250000,9.260860,1623159886
0.000000,9.250508,1623159887
0.250000,9.243590,1623159888
0.000000,9.242952,1623159889
0.000000,9.246239,1623159890
0.000000,9.251489,1623159891
1.750000,9.247613,1623159892
2.030000,9.252323,1623159893
2.520000,9.255512,1623159894
3.260000,9.256788,1623159895
1.500000,9.252421,1623159896
1.750000,9.334308,1623159897
84.330000,9.785348,1623159898
74.240000,10.861455,1623159899
21.460000,9.511427,1623159900
0.250000,9.492341,1623159901
0.000000,9.496561,1623159902
0.250000,9.490771,1623159903
0.000000,9.490869,1623159904
0.000000,9.494058,1623159905
0.500000,9.337890,1623159906
0.500000,9.340294,1623159907
0.000000,9.337105,1623159908
0.000000,9.337497,1623159909
2.740000,9.338184,1623159910
0.000000,9.341913,1623159911
0.000000,9.333229,1623159912
0.250000,9.339999,1623159914
0.000000,9.264736,1623159915
0.500000,9.262626,1623159916
0.000000,9.271409,1623159917
0.000000,9.263853,1623159918
0.000000,9.266453,1623159919
0.000000,9.258358,1623159920
0.000000,9.264687,1623159921
0.000000,9.265963,1623159922
0.250000,9.264147,1623159923
0.250000,9.266748,1623159924
0.000000,9.268122,1623159925
0.000000,9.261743,1623159926
0.000000,9.264638,1623159927
0.250000,9.265865,1623159928
0.000000,9.263657,1623159929
0.000000,9.254188,1623159930
1.250000,9.266355,1623159931
0.250000,9.261155,1623159932
0.000000,9.260762,1623159933
0.250000,9.269643,1623159934
0.000000,9.261547,1623159935
0.250000,9.260075,1623159936
0.500000,9.260026,1623159937
0.000000,9.254286,1623159938
0.000000,9.251440,1623159939
0.000000,9.256886,1623159940
0.500000,9.258947,1623159941
0.000000,9.256984,1623159942
0.000000,9.257279,1623159943
0.250000,9.259879,1623159944
0.000000,9.253893,1623159945
0.000000,9.249085,1623159946
0.000000,9.251931,1623159947
0.000000,9.248692,1623159948
0.000000,9.252176,1623159949
0.000000,9.253991,1623159950
0.250000,9.261253,1623159951
0.250000,9.260517,1623159952
0.000000,9.257279,1623159953
0.750000,9.259977,1623159954
0.000000,9.262774,1623159955
0.250000,9.263068,1623159956
0.000000,9.270231,1623159957
0.250000,9.266601,1623159958
0.000000,9.265619,1623159959
0.000000,9.263068,1623159960
0.000000,9.262676,1623159961
0.000000,9.262872,1623159962
0.000000,9.260860,1623159963
0.500000,9.263313,1623159964
0.000000,9.255856,1623159965
0.000000,9.259585,1623159966
0.000000,9.259192,1623159967
0.000000,9.254433,1623159968
0.000000,9.257965,1623159969
0.000000,9.261056,1623159970
0.000000,9.264147,1623159971
0.000000,9.265374,1623159972
0.750000,9.266061,1623159973
0.500000,9.262577,1623159974
0.000000,9.264785,1623159975
0.000000,9.263657,1623159976
0.250000,9.260468,1623159977
0.250000,9.265472,1623159978
0.000000,9.256003,1623159979
0.250000,9.255610,1623159980
0.250000,9.255610,1623159981
0.000000,9.257769,1623159982
0.000000,9.256690,1623159983
0.250000,9.260419,1623159984
0.250000,9.259388,1623159985
0.000000,9.262872,1623159986
0.250000,9.267435,1623159987
0.000000,9.261155,1623159988
0.250000,9.260664,1623159989
0.000000,9.259388,1623159990
0.000000,9.265865,1623159991
0.250000,9.264049,1623159992
0.000000,9.259192,1623159993
0.500000,9.268122,1623159994
0.000000,9.263657,1623159995
0.000000,9.259683,1623159996
0.500000,9.264246,1623159997
0.250000,9.265717,1623159998
0.000000,9.259192,1623159999
0.000000,9.256395,1623160000
0.250000,9.254286,1623160001
0.000000,9.256395,1623160002
0.000000,9.262577,1623160003
0.500000,9.265668,1623160004
0.000000,9.256543,1623160005
0.000000,9.259486,1623160006
0.000000,9.254138,1623160007
0.000000,9.255856,1623160008
0.000000,9.259585,1623160009
0.000000,9.263166,1623160010
0.000000,9.265914,1623160011
0.000000,9.262823,1623160012
0.250000,9.266453,1623160013
0.250000,9.256395,1623160014
0.000000,9.259094,1623160015
0.000000,9.262725,1623160016
0.000000,9.262774,1623160017
0.250000,9.266257,1623160018
0.250000,9.269201,1623160019
0.000000,9.268220,1623160020
0.250000,9.264295,1623160021
0.000000,9.269593,1623160022
0.000000,9.268858,1623160023
0.250000,9.265178,1623160024
0.250000,9.278817,1623160025
0.000000,9.269741,1623160026
0.250000,9.261400,1623160027
0.000000,9.261792,1623160028
0.000000,9.263019,1623160029
0.500000,9.266453,1623160030
0.000000,9.268072,1623160031
0.250000,9.262087,1623160032
0.000000,9.259634,1623160033
0.250000,9.267582,1623160034
0.000000,9.262234,1623160035
0.000000,9.259192,1623160036
0.000000,9.265865,1623160037
0.000000,9.259143,1623160038
0.000000,9.258701,1623160039
0.250000,9.249134,1623160040
0.000000,9.252716,1623160041
0.000000,9.261792,1623160042
0.250000,9.258800,1623160043
0.250000,9.265080,1623160044
0.000000,9.259486,1623160045
0.250000,9.258211,1623160046
0.250000,9.254040,1623160047
0.000000,9.255512,1623160048
0.000000,9.249036,1623160049
0.250000,9.249576,1623160050
0.000000,9.254629,1623160051
0.000000,9.258505,1623160052
0.000000,9.261204,1623160053
0.000000,9.265963,1623160054
0.500000,9.259143,1623160055
0.000000,9.258015,1623160056
0.000000,9.264196,1623160057
0.000000,9.268858,1623160058
0.000000,9.273420,1623160059
0.250000,9.254776,1623160060
0.000000,9.258260,1623160061
0.000000,9.264344,1623160062
0.000000,9.262234,1623160063
0.000000,9.261400,1623160064
0.500000,9.258652,1623160065
0.250000,9.251195,1623160066
0.000000,9.254580,1623160067
0.000000,9.261792,1623160068
0.500000,9.268122,1623160069
0.500000,9.253648,1623160070
0.250000,9.251587,1623160071
0.000000,9.259143,1623160072
0.000000,9.254874,1623160074
0.000000,9.254678,1623160075
0.000000,9.259339,1623160076
0.000000,9.259339,1623160077
0.250000,9.254776,1623160078
0.000000,9.258064,1623160079
0.000000,9.258407,1623160080
0.500000,9.262774,1623160081
0.000000,9.268122,1623160082
0.000000,9.258309,1623160083
0.250000,9.257475,1623160084
0.000000,9.260664,1623160085
0.000000,9.255120,1623160086
0.000000,9.260958,1623160087
0.000000,9.265325,1623160088
0.000000,9.267140,1623160089
0.000000,9.265178,1623160090
0.750000,9.251391,1623160091
0.000000,9.258652,1623160092
0.250000,9.259045,1623160093
0.000000,9.254727,1623160094
0.000000,9.254482,1623160095
0.000000,9.245111,1623160096
0.250000,9.251097,1623160097
0.000000,9.262234,1623160098
0.000000,9.257475,1623160099
0.250000,9.261645,1623160100
0.250000,9.263362,1623160101
0.250000,9.262970,1623160102
0.000000,9.260664,1623160103
0.250000,9.258554,1623160104
0.000000,9.251293,1623160105
0.000000,9.257082,1623160106
0.000000,9.260664,1623160107
0.000000,9.264638,1623160108
0.000000,9.261547,1623160109
0.250000,9.264540,1623160110
0.500000,9.267533,1623160111
0.000000,9.260664,1623160112
0.000000,9.261155,1623160113
0.000000,9.265717,1623160114
0.000000,9.257573,1623160115
0.000000,9.254188,1623160116
0.000000,9.258162,1623160117
0.250000,9.259977,1623160118
0.000000,9.260370,1623160119
0.000000,9.257377,1623160120
0.500000,9.255365,1623160121
0.250000,9.259879,1623160122
0.000000,9.260271,1623160123
0.000000,9.260075,1623160124
0.000000,9.260713,1623160125
0.250000,9.256592,1623160126
0.000000,9.253108,1623160127
0.000000,9.258554,1623160128
0.250000,9.259683,1623160129
0.250000,9.260958,1623160130
0.250000,9.259977,1623160131
0.000000,9.262774,1623160132
0.000000,9.269054,1623160133
0.250000,9.273519,1623160134
0.000000,9.264196,1623160135
0.000000,9.264000,1623160136
0.000000,9.251833,1623160137
0.500000,9.257818,1623160138
0.000000,9.259192,1623160139
0.000000,9.248545,1623160140
0.500000,9.253746,1623160141
0.250000,9.260271,1623160142
0.000000,9.259830,1623160143
0.000000,9.260370,1623160144
0.000000,9.259388,1623160145
0.250000,9.259143,1623160146
0.000000,9.263019,1623160147
0.000000,9.265914,1623160148
0.000000,9.268612,1623160149
0.500000,9.260075,1623160150
0.500000,9.253059,1623160151
0.000000,9.262430,1623160152
0.250000,9.259634,1623160153
0.740000,9.268122,1623160154
0.250000,9.261891,1623160155
0.000000,9.259781,1623160156
0.000000,9.260370,1623160157
0.250000,9.262234,1623160158
3.720000,9.259241,1623160159
3.020000,9.263411,1623160160
2.520000,9.264442,1623160161
2.760000,9.261743,1623160162
0.750000,9.263853,1623160163
0.000000,9.266208,1623160164
0.500000,9.262479,1623160165
0.000000,9.264982,1623160166
0.250000,9.268367,1623160167
0.750000,9.269103,1623160168
0.000000,9.268072,1623160169
0.000000,9.259585,1623160170
0.250000,9.257131,1623160171
0.000000,9.255807,1623160172
0.000000,9.250704,1623160173
0.000000,9.252716,1623160174
0.000000,9.252618,1623160175
0.000000,9.255709,1623160176
0.000000,9.256003,1623160177
0.250000,9.259192,1623160178
0.000000,9.266257,1623160179
0.000000,9.265717,1623160180
0.250000,9.266110,1623160181
0.000000,9.266012,1623160182
0.000000,9.261694,1623160183
0.000000,9.263068,1623160184
0.500000,9.265276,1623160185
0.000000,9.262970,1623160186
0.000000,9.260271,1623160187
0.000000,9.263362,1623160188
0.000000,9.259879,1623160189
0.000000,9.262921,1623160190
0.000000,9.259781,1623160191
0.000000,9.259683,1623160192
0.000000,9.262872,1623160193
0.000000,9.259192,1623160194
0.250000,9.263559,1623160195
0.250000,9.259094,1623160196
0.000000,9.261596,1623160197
0.000000,9.262774,1623160198
0.000000,9.262774,1623160199
0.000000,9.259535,1623160200
0.250000,9.255218,1623160201
0.000000,9.266257,1623160202
0.000000,9.271458,1623160203
0.000000,9.272390,1623160204
0.000000,9.272047,1623160205
0.250000,9.265914,1623160206
0.000000,9.255218,1623160207
0.250000,9.255610,1623160208
0.000000,9.255610,1623160209
0.000000,9.253452,1623160210
0.250000,9.258701,1623160211
0.000000,9.252716,1623160212
0.250000,9.263166,1623160213
0.000000,9.269054,1623160214
0.250000,9.270771,1623160215
0.000000,9.266257,1623160216
0.000000,9.270673,1623160217
0.250000,9.268318,1623160218
0.000000,9.267386,1623160219
0.500000,9.261694,1623160220
0.250000,9.264393,1623160221
0.250000,9.260615,1623160222
0.000000,9.263362,1623160223
0.250000,9.261155,1623160224
0.250000,9.259781,1623160225
0.250000,9.260271,1623160226
6.680000,9.487288,1623160227
5.280000,9.343287,1623160228
0.250000,9.339263,1623160229
0.000000,9.344170,1623160230
0.000000,9.337056,1623160232
0.000000,9.278719,1623160233
0.000000,9.268808,1623160234
0.500000,9.263657,1623160235
0.250000,9.258260,1623160236
0.000000,9.265717,1623160237
0.000000,9.264246,1623160238
0.500000,9.265374,1623160239
0.000000,9.258162,1623160240
0.000000,9.264540,1623160241
0.000000,9.265570,1623160242
2.750000,9.361146,1623160243
86.140000,9.817582,1623160244
57.140000,11.364992,1623160245
40.000000,9.506619,1623160246
0.250000,9.502890,1623160247
0.000000,9.496168,1623160248
0.250000,9.490477,1623160249
0.250000,9.348536,1623160250
0.000000,9.335044,1623160251
0.500000,9.331757,1623160252
0.000000,9.328322,1623160253
0.000000,9.333376,1623160254
0.250000,9.329009,1623160255
2.510000,9.378269,1623160256
0.000000,9.380918,1623160257
1.000000,9.377631,1623160258
0.750000,9.282841,1623160259
0.000000,9.273322,1623160260
0.000000,9.268956,1623160261
0.000000,9.264687,1623160262
0.250000,9.261940,1623160263
0.000000,9.266257,1623160264
0.000000,9.261596,1623160265
0.000000,9.261596,1623160266
0.250000,9.264196,1623160267
0.000000,9.268759,1623160268
0.500000,9.269054,1623160269
0.250000,9.264589,1623160270
0.000000,9.257818,1623160271
0.000000,9.261596,1623160272
0.000000,9.261007,1623160273
0.000000,9.261007,1623160274
0.000000,9.256052,1623160275
0.000000,9.252863,1623160276
0.750000,9.258015,1623160277
0.250000,9.262038,1623160278
0.000000,9.263902,1623160279
0.250000,9.261105,1623160280
0.000000,9.254924,1623160281
0.000000,9.269986,1623160282
2.260000,9.268269,1623160283
2.780000,9.267386,1623160284
4.210000,9.267386,1623160285
1.770000,9.259879,1623160286
1.000000,9.261204,1623160287
4.010000,9.382537,1623160288
87.760000,9.870767,1623160289
79.950000,10.013787,1623160290
15.290000,9.568635,1623160291
0.250000,9.560588,1623160292
0.000000,9.557105,1623160293
1.240000,9.357564,1623160294
0.000000,9.349272,1623160295
0.000000,9.346181,1623160296
0.250000,9.343777,1623160297
0.000000,9.329843,1623160298
0.250000,9.336712,1623160299
0.000000,9.334259,1623160300
2.740000,9.367966,1623160301
0.000000,9.375423,1623160302
0.000000,9.374540,1623160303
0.250000,9.296775,1623160304
0.000000,9.279799,1623160305
0.250000,9.278180,1623160306
0.000000,9.278523,1623160307
0.000000,9.280093,1623160308
0.000000,9.284362,1623160309
0.000000,9.284263,1623160310
0.250000,9.275677,1623160311
0.000000,9.275481,1623160312
0.000000,9.270722,1623160313
0.000000,9.281074,1623160314
0.250000,9.273813,1623160315
0.000000,9.274009,1623160316
0.000000,9.273813,1623160317
0.250000,9.274353,1623160318
1.250000,9.274254,1623160319
0.000000,9.273322,1623160320
0.000000,9.274794,1623160321
3.250000,9.270477,1623160322
0.000000,9.277493,1623160323
0.000000,9.276021,1623160324
0.250000,9.277395,1623160325
0.000000,9.277591,1623160326
0.000000,9.279504,1623160327
0.000000,9.279504,1623160328
0.250000,9.277689,1623160329
0.000000,9.276708,1623160330
0.250000,9.274009,1623160331
0.250000,9.275775,1623160332
0.000000,9.284067,1623160333
0.000000,9.286864,1623160334
0.000000,9.272930,1623160335
0.000000,9.270477,1623160336
0.000000,9.276610,1623160337
0.250000,9.274254,1623160338
0.250000,9.278817,1623160339
0.000000,9.280584,1623160340
0.250000,9.279063,1623160341
0.000000,9.276413,1623160342
0.000000,9.277395,1623160343
0.500000,9.276511,1623160344
0.000000,9.276413,1623160345
0.250000,9.280436,1623160346
0.000000,9.278817,1623160347
0.000000,9.280387,1623160348
0.000000,9.282595,1623160349
0.000000,9.282203,1623160350
0.250000,9.283871,1623160351
0.500000,9.275236,1623160352
0.000000,9.271262,1623160353
0.000000,9.270428,1623160354
0.250000,9.277493,1623160355
0.000000,9.277983,1623160356
0.000000,9.277493,1623160357
0.000000,9.274009,1623160358
0.000000,9.277198,1623160359
0.000000,9.273420,1623160360
0.000000,9.280191,1623160361
0.250000,9.279112,1623160362
0.250000,9.276855,1623160363
0.000000,9.276511,1623160364
0.250000,9.281908,1623160365
0.000000,9.278032,1623160366
0.000000,9.276021,1623160367
0.250000,9.277296,1623160368
0.000000,9.276757,1623160369
0.000000,9.279308,1623160370
0.250000,9.276757,1623160371
0.250000,9.279848,1623160372
0.000000,9.276659,1623160373
0.000000,9.276266,1623160374
0.000000,9.273960,1623160375
0.000000,9.284901,1623160376
0.000000,9.283675,1623160377
0.000000,9.280191,1623160378
0.250000,9.284705,1623160379
0.250000,9.281614,1623160381
0.000000,9.279406,1623160382
0.250000,9.286668,1623160383
0.000000,9.278621,1623160384
0.500000,9.276266,1623160385
0.500000,9.273911,1623160386
0.250000,9.273469,1623160387
0.000000,9.272537,1623160388
0.000000,9.276511,1623160389
0.000000,9.268858,1623160390
0.000000,9.275530,1623160391
0.000000,9.276315,1623160392
0.500000,9.279504,1623160393
0.000000,9.282988,1623160394
0.250000,9.281712,1623160395
0.250000,9.275874,1623160396
0.000000,9.278229,1623160397
0.000000,9.275039,1623160398
0.250000,9.276315,1623160399
0.000000,9.272145,1623160400
0.000000,9.269054,1623160401
0.250000,9.272439,1623160402
0.250000,9.273420,1623160403
0.990000,9.278229,1623160404
0.000000,9.275138,1623160405
0.000000,9.284214,1623160406
0.000000,9.279799,1623160407
0.000000,9.281369,1623160408
0.000000,9.281369,1623160409
0.250000,9.275579,1623160410
0.500000,9.275432,1623160411
0.000000,9.284411,1623160412
0.250000,9.287502,1623160413
0.000000,9.278130,1623160414
0.000000,9.275972,1623160415
0.000000,9.269152,1623160416
0.000000,9.269054,1623160417
0.000000,9.276315,1623160418
0.000000,9.276315,1623160419
0.000000,9.280829,1623160420
0.000000,9.280829,1623160421
0.250000,9.278032,1623160422
0.000000,9.279308,1623160423
0.000000,9.274745,1623160424
0.000000,9.282105,1623160425
0.000000,9.272832,1623160426
0.250000,9.272586,1623160427
0.250000,9.271458,1623160428
0.000000,9.271360,1623160429
0.000000,9.274451,1623160430
0.000000,9.279014,1623160431
0.250000,9.277640,1623160432
0.250000,9.277787,1623160433
0.000000,9.279112,1623160434
0.000000,9.275089,1623160435
0.000000,9.283626,1623160436
0.500000,9.282595,1623160437
0.000000,9.271262,1623160438
0.250000,9.267974,1623160439
0.000000,9.271163,1623160440
0.250000,9.271360,1623160441
0.000000,9.280486,1623160442
0.000000,9.272096,1623160443
0.000000,9.281712,1623160444
0.000000,9.274304,1623160445
0.250000,9.272783,1623160446
0.000000,9.267631,1623160447
0.000000,9.276904,1623160448
0.000000,9.278965,1623160449
0.000000,9.276855,1623160450
0.000000,9.274500,1623160451
0.000000,9.272979,1623160452
0.250000,9.269201,1623160453
0.000000,9.271360,1623160454
0.000000,9.268759,1623160455
0.000000,9.268072,1623160456
0.000000,9.271949,1623160457
0.000000,9.268710,1623160458
0.000000,9.271654,1623160459
0.000000,9.272292,1623160460
0.000000,9.268269,1623160461
0.000000,9.278523,1623160462
0.250000,9.277247,1623160463
0.000000,9.274156,1623160464
0.000000,9.277444,1623160465
0.250000,9.280633,1623160466
0.000000,9.278130,1623160467
0.000000,9.274353,1623160468
0.000000,9.281418,1623160469
0.000000,9.277051,1623160470
0.250000,9.281908,1623160471
0.000000,9.280829,1623160472
0.250000,9.280338,1623160473
0.000000,9.286079,1623160474
0.000000,9.281908,1623160475
0.000000,9.280044,1623160476
0.000000,9.286373,1623160477
0.000000,9.285981,1623160478
0.000000,9.282939,1623160479
0.500000,9.283037,1623160480
0.000000,9.276659,1623160481
0.000000,9.274107,1623160482
0.000000,9.271163,1623160483
0.000000,9.273862,1623160484
0.000000,9.276757,1623160485
0.000000,9.271360,1623160486
0.000000,9.274892,1623160487
0.250000,9.270869,1623160488
0.000000,9.274598,1623160489
0.000000,9.271850,1623160490
0.000000,9.271556,1623160491
0.250000,9.273568,1623160492
0.000000,9.283037,1623160493
0.000000,9.280044,1623160494
0.000000,9.279946,1623160495
0.000000,9.277296,1623160496
0.000000,9.279848,1623160497
0.500000,9.279553,1623160498
0.000000,9.279455,1623160499
0.500000,9.279308,1623160500
0.250000,9.279848,1623160501
0.250000,9.283920,1623160502
0.250000,9.283822,1623160503
0.000000,9.283822,1623160504
0.000000,9.277444,1623160505
0.000000,9.283822,1623160506
0.000000,9.275677,1623160507
0.000000,9.272783,1623160508
0.250000,9.273666,1623160509
0.000000,9.267189,1623160510
0.250000,9.274549,1623160511
0.500000,9.277051,1623160512
0.500000,9.280927,1623160513
0.000000,9.284018,1623160514
0.000000,9.278278,1623160515
0.000000,9.278866,1623160516
0.000000,9.269790,1623160517
0.250000,9.276070,1623160518
0.000000,9.272439,1623160519
0.250000,9.270967,1623160520
0.000000,9.278768,1623160521
0.000000,9.279063,1623160522
0.500000,9.282252,1623160523
0.000000,9.278130,1623160524
0.250000,9.279897,1623160525
0.000000,9.283429,1623160526
0.000000,9.283135,1623160527
0.500000,9.275628,1623160528
0.000000,9.272979,1623160529
0.250000,9.273862,1623160530
0.000000,9.280240,1623160531
0.000000,9.276560,1623160532
0.000000,9.278572,1623160533
0.500000,9.283527,1623160534
0.000000,9.282988,1623160535
0.000000,9.278965,1623160536
0.760000,9.279946,1623160537
3.260000,9.273666,1623160538
2.760000,9.275432,1623160539
2.010000,9.277100,1623160540
1.750000,9.276021,1623160541
0.250000,9.275383,1623160542
0.250000,9.284509,1623160543
0.000000,9.285196,1623160545
0.500000,9.286962,1623160546
0.000000,9.289170,1623160547
0.250000,9.276315,1623160548
0.000000,9.285097,1623160549
0.000000,9.285392,1623160550
0.250000,9.287354,1623160551
0.000000,9.285883,1623160552
0.250000,9.280829,1623160553
0.000000,9.287109,1623160554
0.250000,9.276708,1623160555
0.000000,9.278425,1623160556
0.000000,9.278719,1623160557
0.000000,9.273813,1623160558
0.000000,9.279161,1623160559
0.250000,9.284460,1623160560
0.250000,9.286520,1623160561
0.000000,9.280142,1623160562
0.250000,9.272243,1623160563
0.000000,9.269299,1623160564
0.500000,9.272390,1623160565
0.000000,9.273469,1623160566
0.250000,9.273028,1623160567
0.000000,9.275285,1623160568
0.250000,9.276560,1623160569
0.500000,9.270133,1623160570
0.000000,9.275775,1623160571
0.250000,9.278130,1623160572
0.000000,9.278278,1623160573
0.500000,9.276021,1623160574
0.250000,9.271998,1623160575
0.000000,9.268808,1623160576
0.000000,9.270673,1623160577
0.250000,9.267484,1623160578
0.000000,9.273273,1623160579
0.250000,9.266110,1623160580
0.000000,9.273568,1623160581
0.000000,9.276315,1623160582
0.250000,9.276266,1623160583
0.000000,9.276266,1623160584
0.250000,9.279210,1623160585
0.000000,9.275187,1623160586
0.000000,9.280633,1623160587
0.000000,9.282742,1623160588
0.250000,9.279750,1623160589
0.000000,9.279553,1623160590
0.000000,9.275187,1623160591
0.000000,9.276070,1623160592
0.000000,9.271850,1623160593
0.000000,9.272243,1623160594
0.250000,9.273519,1623160595
0.500000,9.270477,1623160596
0.000000,9.274647,1623160597
0.000000,9.271752,1623160598
0.500000,9.272341,1623160599
0.000000,9.267140,1623160600
0.000000,9.271850,1623160601
0.250000,9.271458,1623160602
0.000000,9.274549,1623160603
0.250000,9.265521,1623160604
0.000000,9.268269,1623160605
0.250000,9.269544,1623160606
0.000000,9.265472,1623160607
0.000000,9.268759,1623160608
0.000000,9.265080,1623160609
0.250000,9.269103,1623160610
0.000000,9.274353,1623160611
0.000000,9.279014,1623160612
0.000000,9.275481,1623160613
0.000000,9.280731,1623160614
0.500000,9.280338,1623160615
0.000000,9.279112,1623160616
0.000000,9.282105,1623160617
0.250000,9.270771,1623160618
0.000000,9.272341,1623160619
0.990000,9.275923,1623160620
0.250000,9.269937,1623160621
11.280000,9.631092,1623160622
88.720000,9.600918,1623160623
84.210000,9.897163,1623160624
7.090000,9.574719,1623160625
0.250000,9.561521,1623160626
0.000000,9.561962,1623160627
0.500000,9.367475,1623160628
0.250000,9.360704,1623160629
0.250000,9.354424,1623160630
0.000000,9.355405,1623160631
0.250000,9.348389,1623160632
0.250000,9.353099,1623160633
0.500000,9.352805,1623160634
2.510000,9.404174,1623160635
0.000000,9.415557,1623160636
0.000000,9.421150,1623160637
0.500000,9.304232,1623160638
0.500000,9.295990,1623160639
0.500000,9.284411,1623160640
0.000000,9.278768,1623160641
0.000000,9.278130,1623160642
0.000000,9.278572,1623160643
0.000000,9.282056,1623160644
0.000000,9.283380,1623160645
0.250000,9.277395,1623160646
0.000000,9.283282,1623160647
0.000000,9.286373,1623160648
0.000000,9.284214,1623160649
0.250000,9.286471,1623160650
0.500000,9.288041,1623160651
0.000000,9.284018,1623160652
0.500000,9.281025,1623160653
2.510000,9.281565,1623160654
0.250000,9.279455,1623160655
2.740000,9.275187,1623160656
0.000000,9.278670,1623160657
0.000000,9.277296,1623160658
0.250000,9.281369,1623160659
0.500000,9.288041,1623160660
0.000000,9.280289,1623160661
0.000000,9.280780,1623160662
0.500000,9.278572,1623160663
0.000000,9.280780,1623160664
2.990000,9.287943,1623160665
3.760000,9.278817,1623160666
2.770000,9.276806,1623160667
3.720000,9.277002,1623160668
0.500000,9.278278,1623160669
8.540000,9.549549,1623160670
88.240000,9.585267,1623160671
85.710000,9.858158,1623160672
5.000000,9.582912,1623160673
0.000000,9.570450,1623160674
0.000000,9.569125,1623160675
0.750000,9.374687,1623160676
0.000000,9.369290,1623160677
0.250000,9.367033,1623160678
0.250000,9.364580,1623160679
0.000000,9.355258,1623160680
0.000000,9.351137,1623160681
0.000000,9.350842,1623160682
2.270000,9.364188,1623160683
0.000000,9.370468,1623160684
0.000000,9.376993,1623160685
0.000000,9.303496,1623160686
0.250000,9.295646,1623160687
0.000000,9.295155,1623160688
0.000000,9.287600,1623160689
0.250000,9.286569,1623160690
0.500000,9.289660,1623160691
0.000000,9.280240,1623160692
0.000000,9.278866,1623160693
0.250000,9.283135,1623160694
0.000000,9.292015,1623160695
0.000000,9.283331,1623160696
0.000000,9.282350,1623160697
0.000000,9.284018,1623160698
0.000000,9.282056,1623160699
0.250000,9.286962,1623160700
0.250000,9.286030,1623160701
0.250000,9.285245,1623160702
0.000000,9.283822,1623160703
0.500000,9.285637,1623160704
1.000000,9.290593,1623160705
1.250000,9.289562,1623160706
0.250000,9.288483,1623160708
0.250000,9.285784,1623160709
0.250000,9.287551,1623160710
1.510000,9.288532,1623160711
4.490000,9.286226,1623160712
2.530000,9.285784,1623160713
3.260000,9.284116,1623160714
1.260000,9.288139,1623160715
1.510000,9.357613,1623160716
82.910000,9.889362,1623160717
75.700000,10.716669,1623160718
20.450000,9.588505,1623160719
0.000000,9.585709,1623160720
0.000000,9.582176,1623160721
0.000000,9.579429,1623160722
0.000000,9.372185,1623160723
0.250000,9.369045,1623160724
0.000000,9.366052,1623160725
0.250000,9.360017,1623160726
0.500000,9.355896,1623160727
0.500000,9.358006,1623160728
1.780000,9.432386,1623160729
0.000000,9.440628,1623160730
0.750000,9.440628,1623160731
0.500000,9.313751,1623160732
0.250000,9.304821,1623160733
0.000000,9.296137,1623160734
0.250000,9.300700,1623160735
0.500000,9.300062,1623160736
0.000000,9.290151,1623160737
0.000000,9.286864,1623160738
0.250000,9.292751,1623160739
0.000000,9.288139,1623160740
0.000000,9.300994,1623160741
0.250000,9.294861,1623160742
0.250000,9.296824,1623160743
0.000000,9.300798,1623160744
0.000000,9.297412,1623160745
0.000000,9.297167,1623160746
1.740000,9.289955,1623160747
0.000000,9.295940,1623160748
0.250000,9.294616,1623160749
0.250000,9.290004,1623160750
0.000000,9.296039,1623160751
1.750000,9.286864,1623160752
0.500000,9.290887,1623160753
0.000000,9.293340,1623160754
0.250000,9.297903,1623160755
1.760000,9.297903,1623160756
3.260000,9.298492,1623160757
3.720000,9.298296,1623160758
2.520000,9.300503,1623160759
0.750000,9.296627,1623160760
3.260000,9.427627,1623160761
90.430000,9.840593,1623160762
74.870000,10.004023,1623160763
17.460000,9.603470,1623160764
0.250000,9.603274,1623160765
0.000000,9.594001,1623160766
0.750000,9.391614,1623160767
0.000000,9.382979,1623160768
0.000000,9.382685,1623160769
0.250000,9.376110,1623160770
0.500000,9.367082,1623160771
0.000000,9.366690,1623160772
0.000000,9.363599,1623160773
2.260000,9.375227,1623160774
0.250000,9.377778,1623160775
0.500000,9.373215,1623160776
0.000000,9.322533,1623160777
0.000000,9.320718,1623160778
0.000000,9.316400,1623160779
0.500000,9.315271,1623160780
0.000000,9.311984,1623160781
0.500000,9.308697,1623160782
0.250000,9.304036,1623160783
0.250000,9.304968,1623160784
0.250000,9.301043,1623160785
0.000000,9.305606,1623160786
0.000000,9.305606,1623160787
0.000000,9.303840,1623160788
0.000000,9.307814,1623160789
0.000000,9.307716,1623160790
0.000000,9.298688,1623160791
0.250000,9.295597,1623160792
1.500000,9.302711,1623160793
0.000000,9.301436,1623160794
0.000000,9.300945,1623160795
0.250000,9.304723,1623160796
1.750000,9.298590,1623160797
0.000000,9.298786,1623160798
0.000000,9.299130,1623160799
0.000000,9.296431,1623160800
0.000000,9.294959,1623160801
0.750000,9.301337,1623160802
0.000000,9.307029,1623160803
0.000000,9.311788,1623160804
0.000000,9.305508,1623160805
0.000000,9.308304,1623160806
0.000000,9.300454,1623160807
0.500000,9.303840,1623160808
0.250000,9.300651,1623160809
0.000000,9.297952,1623160810
0.000000,9.303251,1623160811
0.750000,9.305017,1623160812
0.000000,9.303643,1623160813
0.000000,9.305900,1623160814
0.000000,9.306734,1623160815
0.000000,9.308108,1623160816
0.000000,9.311101,1623160817
0.250000,9.303545,1623160818
0.250000,9.306833,1623160819
0.000000,9.309433,1623160820
0.000000,9.300258,1623160821
1.250000,9.307078,1623160822
0.000000,9.313701,1623160823
0.250000,9.310709,1623160824
0.000000,9.310709,1623160825
0.000000,9.303987,1623160826
0.000000,9.301337,1623160827
1.750000,9.299767,1623160828
2.780000,9.307127,1623160829
3.020000,9.303300,1623160830
2.020000,9.303447,1623160831
1.750000,9.304625,1623160832
0.500000,9.306391,1623160833
83.750000,9.880678,1623160834
76.650000,10.425330,1623160835
22.220000,9.606855,1623160836
1.000000,9.602047,1623160837
0.250000,9.601507,1623160838
0.000000,9.598024,1623160839
0.250000,9.396079,1623160840
0.000000,9.395441,1623160841
0.000000,9.389750,1623160842
0.000000,9.385040,1623160843
0.250000,9.375129,1623160844
0.000000,9.371302,1623160845
3.250000,9.468840,1623160846
0.000000,9.475463,1623160847
0.000000,9.475905,1623160848
0.000000,9.482529,1623160849
0.500000,9.332149,1623160850
0.500000,9.327783,1623160851
0.500000,9.315566,1623160852
0.250000,9.319736,1623160854
0.000000,9.316302,1623160855
0.250000,9.309384,1623160856
0.000000,9.312671,1623160857
0.000000,9.315566,1623160858
0.250000,9.313751,1623160859
0.000000,9.319638,1623160860
0.000000,9.312377,1623160861
0.000000,9.322827,1623160862
0.500000,9.319393,1623160863
0.000000,9.315468,1623160864
1.010000,9.315517,1623160865
0.000000,9.318902,1623160866
0.000000,9.309727,1623160867
1.500000,9.305508,1623160868
0.000000,9.309286,1623160869
0.000000,9.310316,1623160870
0.000000,9.316743,1623160871
0.000000,9.311788,1623160872
0.250000,9.316253,1623160873
0.250000,9.316106,1623160874
0.000000,9.315468,1623160875
0.000000,9.317823,1623160876
0.500000,9.311739,1623160877
0.000000,9.309237,1623160878
0.000000,9.303938,1623160879
0.250000,9.309384,1623160880
0.000000,9.309531,1623160881
0.000000,9.307618,1623160882
0.000000,9.308893,1623160883
0.000000,9.311641,1623160884
0.250000,9.308746,1623160885
0.250000,9.313015,1623160886
0.250000,9.312524,1623160887
0.250000,9.311346,1623160888
0.000000,9.311248,1623160889
0.250000,9.307176,1623160890
1.010000,9.306244,1623160891
3.020000,9.308991,1623160892
1.780000,9.305851,1623160893
2.020000,9.305263,1623160894
1.500000,9.302515,1623160895
0.000000,9.300062,1623160896
76.960000,9.878127,1623160897
75.310000,11.252196,1623160898
30.030000,9.606414,1623160899
0.250000,9.599250,1623160900
0.000000,9.598858,1623160901
0.000000,9.595325,1623160902
0.250000,9.398581,1623160903
0.000000,9.398875,1623160904
0.500000,9.388916,1623160905
0.000000,9.381164,1623160906
0.000000,9.384941,1623160907
0.250000,9.387934,1623160908
2.260000,9.438715,1623160909
0.000000,9.447988,1623160910
0.000000,9.438519,1623160911
0.500000,9.336810,1623160912
0.250000,9.322876,1623160913
0.000000,9.319393,1623160914
0.000000,9.319589,1623160915
0.000000,9.319883,1623160916
0.000000,9.323808,1623160917
0.250000,9.322876,1623160918
0.000000,9.316596,1623160919
0.000000,9.319785,1623160920
0.000000,9.323956,1623160921
2.740000,9.319098,1623160922
1.750000,9.313162,1623160923
0.250000,9.319589,1623160924
0.000000,9.314192,1623160925
0.000000,9.312818,1623160926
0.000000,9.312916,1623160927
0.000000,9.315713,1623160928
0.250000,9.320374,1623160929
0.000000,9.320914,1623160930
0.250000,9.323171,1623160931
0.500000,9.323220,1623160932
0.000000,9.316841,1623160933
0.250000,9.315615,1623160934
0.000000,9.318902,1623160935
0.000000,9.322238,1623160936
0.250000,9.326998,1623160937
2.490000,9.327832,1623160938
3.020000,9.325722,1623160939
3.270000,9.320914,1623160940
2.530000,9.317234,1623160941
1.000000,9.322876,1623160942
5.500000,9.545820,1623160943
90.540000,9.729023,1623160944
79.850000,9.950838,1623160945
10.430000,9.614607,1623160946
0.000000,9.601654,1623160947
0.000000,9.599103,1623160948
0.250000,9.402114,1623160949
0.000000,9.396864,1623160950
0.000000,9.391074,1623160951
1.000000,9.389406,1623160952
0.250000,9.381213,1623160953
0.000000,9.383617,1623160954
1.750000,9.384892,1623160955
3.240000,9.407658,1623160956
0.000000,9.411239,1623160957
0.000000,9.408884,1623160958
0.250000,9.342600,1623160959
0.250000,9.333425,1623160960
0.500000,9.330628,1623160961
0.000000,9.323220,1623160962
0.000000,9.317234,1623160963
0.000000,9.326213,1623160964
0.250000,9.331070,1623160965
0.000000,9.320325,1623160966
0.250000,9.316743,1623160967
0.000000,9.319932,1623160968
0.000000,9.318804,1623160969
0.250000,9.323416,1623160970
0.000000,9.323956,1623160971
0.000000,9.319834,1623160972
0.000000,9.324103,1623160973
0.000000,9.320325,1623160974
0.000000,9.323416,1623160975
0.000000,9.323759,1623160976
0.250000,9.325379,1623160977
0.250000,9.330677,1623160978
0.000000,9.328666,1623160979
0.000000,9.326016,1623160980
0.000000,9.319736,1623160981
0.250000,9.326311,1623160982
0.250000,9.327586,1623160983
0.250000,9.314536,1623160984
0.000000,9.319736,1623160985
0.000000,9.320374,1623160986
0.250000,9.316743,1623160987
0.500000,9.324054,1623160988
0.000000,9.320227,1623160989
0.000000,9.322729,1623160990
0.000000,9.323907,1623160991
0.000000,9.323563,1623160992
0.000000,9.325820,1623160993
0.000000,9.326458,1623160994
0.250000,9.322631,1623160995
0.000000,9.326114,1623160996
0.500000,9.327292,1623160997
0.000000,9.329990,1623160998
0.250000,9.324201,1623160999
0.000000,9.327292,1623161000
0.500000,9.330089,1623161001
0.000000,9.322631,1623161002
0.000000,9.328077,1623161003
0.000000,9.326801,1623161004
0.500000,9.323661,1623161005
0.000000,9.325820,1623161007
0.250000,9.319540,1623161008
0.250000,9.323023,1623161009
0.000000,9.325428,1623161010
0.000000,9.316547,1623161011
0.000000,9.319638,1623161012
0.000000,9.313162,1623161013
0.000000,9.319442,1623161014
0.000000,9.325329,1623161015
0.000000,9.330089,1623161016
0.000000,9.321012,1623161017
0.250000,9.316694,1623161018
0.000000,9.317234,1623161019
0.000000,9.323318,1623161020
0.500000,9.329843,1623161021
0.000000,9.319932,1623161022
0.000000,9.319295,1623161023
0.250000,9.326164,1623161024
0.000000,9.326850,1623161025
0.000000,9.323220,1623161026
0.000000,9.323220,1623161027
0.750000,9.334701,1623161028
0.000000,9.325428,1623161029
0.500000,9.326801,1623161030
0.500000,9.314143,1623161031
0.000000,9.313701,1623161032
0.000000,9.325820,1623161033
0.500000,9.327635,1623161034
3.990000,9.324250,1623161035
3.980000,9.319049,1623161036
3.270000,9.318853,1623161037
2.510000,9.315762,1623161038
0.000000,9.316547,1623161039
60.960000,11.385501,1623161040
76.980000,11.187530,1623161041
40.660000,9.621133,1623161042
0.750000,9.612792,1623161043
0.000000,9.612007,1623161044
0.000000,9.613086,1623161045
0.500000,9.410847,1623161046
0.000000,9.403684,1623161047
0.500000,9.403684,1623161048
0.000000,9.403291,1623161049
0.000000,9.395735,1623161050
0.250000,9.402016,1623161051
2.990000,9.484736,1623161052
0.000000,9.484589,1623161053
0.000000,9.490575,1623161054
0.750000,9.344023,1623161055
0.000000,9.334063,1623161056
0.000000,9.335338,1623161057
0.250000,9.330874,1623161058
0.000000,9.329353,1623161059
0.000000,9.329549,1623161060
0.000000,9.329107,1623161061
0.500000,9.326262,1623161062
0.000000,9.324888,1623161063
0.000000,9.329451,1623161064
0.000000,9.319246,1623161065
0.250000,9.318412,1623161066
0.000000,9.324692,1623161067
0.000000,9.324888,1623161068
0.250000,9.330874,1623161069
1.000000,9.335731,1623161070
0.250000,9.336859,1623161071
0.000000,9.333229,1623161072
1.000000,9.324692,1623161073
0.000000,9.327586,1623161074
0.000000,9.331070,1623161075
0.000000,9.327488,1623161076
0.250000,9.328077,1623161077
0.250000,9.327783,1623161078
0.000000,9.328666,1623161079
0.000000,9.331953,1623161080
0.000000,9.330383,1623161081
0.250000,9.331757,1623161082
0.250000,9.328371,1623161083
0.000000,9.322288,1623161084
0.000000,9.324888,1623161085
0.000000,9.330874,1623161086
0.000000,9.331610,1623161087
0.500000,9.330972,1623161088
0.000000,9.334259,1623161089
0.000000,9.334161,1623161090
0.000000,9.330236,1623161091
0.000000,9.318166,1623161092
0.000000,9.321404,1623161093
0.000000,9.324005,1623161094
0.000000,9.328862,1623161095
0.250000,9.327488,1623161096
0.000000,9.329058,1623161097
0.000000,9.318902,1623161098
0.250000,9.318951,1623161099
0.250000,9.321110,1623161100
0.250000,9.320865,1623161101
0.250000,9.328764,1623161102
0.250000,9.330432,1623161103
0.000000,9.334652,1623161104
0.000000,9.334848,1623161105
0.000000,9.330383,1623161106
0.250000,9.330825,1623161107
0.000000,9.332444,1623161108
0.250000,9.329696,1623161109
0.000000,9.330383,1623161110
0.000000,9.331266,1623161111
0.250000,9.317332,1623161112
0.500000,9.324103,1623161113
0.000000,9.322680,1623161114
0.000000,9.330874,1623161115
0.000000,9.330187,1623161116
0.000000,9.334652,1623161117
0.250000,9.333278,1623161118
0.250000,9.336467,1623161119
0.000000,9.331462,1623161120
0.250000,9.326899,1623161121
0.000000,9.331659,1623161122
0.250000,9.333866,1623161123
0.740000,9.332051,1623161124
0.000000,9.330775,1623161125
0.000000,9.334652,1623161126
0.000000,9.331364,1623161127
0.000000,9.328175,1623161128
0.000000,9.328126,1623161129
0.000000,9.318902,1623161130
0.000000,9.327292,1623161131
0.000000,9.331659,1623161132
0.250000,9.330628,1623161133
0.000000,9.337350,1623161134
0.000000,9.336957,1623161135
0.250000,9.328519,1623161136
0.000000,9.334259,1623161137
0.000000,9.333916,1623161138
0.000000,9.334014,1623161139
0.000000,9.330481,1623161140
0.250000,9.334259,1623161141
0.250000,9.331168,1623161142
0.500000,9.335437,1623161143
0.250000,9.334063,1623161144
0.250000,9.333719,1623161145
0.000000,9.337154,1623161146
0.000000,9.334161,1623161147
0.500000,9.345347,1623161148
0.000000,9.351922,1623161149
0.000000,9.354571,1623161150
0.000000,9.343728,1623161151
0.000000,9.334504,1623161152
0.000000,9.330187,1623161153
0.000000,9.337448,1623161154
0.250000,9.334750,1623161155
0.000000,9.337154,1623161156
0.250000,9.334063,1623161157
0.500000,9.332493,1623161158
0.000000,9.336908,1623161159
0.000000,9.339509,1623161161
0.000000,9.333131,1623161162
0.000000,9.330923,1623161163
0.000000,9.330726,1623161164
0.000000,9.339018,1623161165
0.250000,9.334406,1623161166
0.000000,9.336172,1623161167
0.000000,9.336271,1623161168
0.750000,9.331904,1623161169
0.000000,9.334014,1623161170
0.000000,9.335927,1623161171
0.250000,9.337203,1623161172
0.250000,9.338528,1623161173
0.250000,9.339705,1623161174
0.000000,9.335338,1623161175
0.500000,9.333523,1623161176
0.000000,9.327341,1623161177
0.000000,9.326016,1623161178
0.000000,9.328960,1623161179
0.000000,9.328470,1623161180
0.000000,9.329255,1623161181
0.000000,9.327243,1623161182
0.000000,9.327832,1623161183
0.500000,9.329058,1623161184
0.250000,9.328960,1623161185
0.250000,9.333621,1623161186
0.000000,9.333278,1623161187
0.740000,9.334112,1623161188
0.000000,9.327047,1623161189
0.250000,9.322484,1623161190
0.000000,9.327341,1623161191
0.250000,9.327047,1623161192
0.000000,9.325771,1623161193
0.000000,9.326164,1623161194
0.250000,9.323318,1623161195
0.250000,9.330432,1623161196
0.250000,9.333081,1623161197
0.000000,9.334406,1623161198
0.000000,9.337497,1623161199
0.000000,9.328470,1623161200
0.000000,9.332983,1623161201
0.000000,9.332983,1623161202
0.000000,9.332051,1623161203
0.500000,9.336418,1623161204
0.000000,9.339116,1623161205
0.000000,9.338920,1623161206
0.250000,9.332885,1623161207
0.000000,9.331659,1623161208
0.250000,9.337841,1623161209
0.500000,9.333670,1623161210
0.000000,9.332149,1623161211
0.000000,9.335437,1623161212
0.000000,9.335289,1623161213
0.000000,9.337988,1623161214
0.000000,9.339460,1623161215
0.000000,9.332542,1623161216
0.250000,9.332689,1623161217
1.000000,9.339460,1623161218
0.000000,9.332002,1623161219
0.000000,9.340441,1623161220
0.500000,9.334308,1623161221
0.250000,9.331413,1623161222
0.000000,9.337056,1623161223
0.250000,9.337203,1623161224
0.250000,9.335093,1623161225
0.000000,9.335191,1623161226
0.000000,9.337792,1623161227
0.250000,9.336957,1623161228
0.250000,9.329107,1623161229
0.000000,9.325035,1623161230
0.000000,9.328322,1623161231
0.500000,9.326605,1623161232
0.000000,9.340147,1623161233
0.500000,9.336761,1623161234
0.250000,9.334357,1623161235
0.000000,9.331364,1623161236
0.000000,9.331708,1623161237
0.250000,9.333768,1623161238
0.250000,9.336418,1623161239
0.250000,9.332934,1623161240
0.250000,9.324986,1623161241
0.000000,9.328273,1623161242
0.000000,9.330775,1623161243
1.000000,9.331021,1623161244
0.000000,9.325231,1623161245
0.000000,9.331070,1623161246
0.500000,9.331070,1623161247
0.000000,9.333572,1623161248
0.000000,9.328960,1623161249
0.000000,9.331953,1623161250
0.000000,9.327881,1623161251
0.000000,9.322042,1623161252
0.000000,9.327783,1623161253
0.250000,9.327488,1623161254
0.250000,9.331757,1623161255
0.000000,9.324888,1623161256
0.250000,9.331021,1623161257
0.000000,9.331855,1623161258
0.000000,9.321748,1623161259
0.000000,9.324495,1623161260
0.000000,9.321306,1623161261
0.000000,9.327881,1623161262
0.000000,9.330677,1623161263
0.000000,9.321404,1623161264
0.250000,9.320914,1623161265
0.250000,9.324397,1623161266
0.000000,9.321208,1623161267
3.490000,9.321944,1623161268
2.520000,9.321846,1623161269
3.480000,9.320718,1623161270
1.770000,9.325035,1623161271
0.250000,9.323907,1623161272
0.000000,9.321846,1623161273
0.500000,9.321846,1623161274
0.250000,9.325280,1623161275
0.000000,9.329794,1623161276
0.000000,9.334014,1623161277
0.250000,9.330383,1623161278
0.000000,9.329941,1623161279
0.000000,9.328371,1623161280
0.250000,9.332885,1623161281
0.000000,9.333621,1623161282
0.250000,9.331070,1623161283
0.000000,9.329304,1623161284
0.250000,9.332198,1623161285
0.000000,9.330138,1623161286
0.000000,9.325918,1623161287
0.250000,9.326605,1623161288
0.000000,9.326458,1623161289
0.000000,9.326114,1623161290
0.000000,9.329402,1623161291
0.250000,9.325722,1623161292
0.000000,9.333572,1623161293
0.250000,9.326703,1623161294
0.250000,9.329009,1623161295
0.000000,9.333768,1623161296
0.250000,9.332198,1623161297
0.000000,9.333572,1623161298
0.000000,9.329745,1623161299
0.000000,9.329941,1623161300
0.250000,9.330677,1623161301
0.000000,9.323073,1623161302
0.000000,9.314143,1623161303
0.000000,9.316596,1623161304
0.250000,9.319098,1623161305
0.250000,9.323171,1623161306
0.000000,9.323269,1623161307
0.500000,9.326949,1623161308
0.000000,9.329156,1623161309
0.000000,9.328568,1623161310
0.000000,9.322876,1623161311
0.000000,9.326752,1623161312
0.000000,9.333621,1623161313
0.000000,9.326899,1623161314
0.250000,9.329156,1623161315
0.500000,9.329353,1623161316
0.000000,9.329843,1623161317
0.000000,9.329058,1623161318
0.000000,9.329892,1623161319
0.250000,9.336614,1623161320
0.000000,9.326213,1623161321
0.000000,9.336074,1623161322
0.500000,9.335486,1623161324
0.000000,9.329304,1623161325
0.250000,9.326850,1623161326
0.000000,9.323759,1623161327
0.000000,9.331561,1623161328
0.000000,9.322189,1623161329
0.500000,9.325771,1623161330
0.000000,9.325280,1623161331
0.000000,9.328371,1623161332
0.000000,9.328862,1623161333
0.000000,9.336320,1623161334
0.000000,9.339411,1623161335
0.000000,9.331364,1623161336
0.000000,9.331364,1623161337
0.000000,9.332934,1623161338
0.000000,9.329794,1623161339
0.000000,9.329058,1623161340
0.500000,9.331659,1623161341
0.000000,9.333719,1623161342
0.000000,9.324643,1623161343
0.250000,9.332640,1623161344
0.000000,9.338429,1623161345
0.250000,9.332885,1623161346
0.000000,9.329843,1623161347
0.000000,9.321159,1623161348
0.500000,9.323661,1623161349
0.000000,9.326262,1623161350
0.500000,9.326262,1623161351
0.000000,9.328862,1623161352
80.300000,10.096066,1623161353
72.980000,11.136700,1623161354
29.470000,9.637520,1623161355
0.250000,9.633595,1623161356
0.250000,9.628492,1623161357
0.500000,9.630896,1623161358
0.500000,9.418452,1623161359
0.000000,9.416833,1623161360
0.000000,9.416146,1623161361
0.500000,9.404567,1623161362
0.000000,9.404665,1623161363
0.250000,9.400347,1623161364
3.010000,9.454513,1623161365
0.000000,9.463001,1623161366
0.500000,9.464571,1623161367
1.000000,9.350744,1623161368
0.750000,9.345396,1623161369
0.250000,9.345544,1623161370
0.250000,9.337890,1623161371
0.000000,9.339263,1623161372
0.000000,9.331708,1623161373
0.000000,9.339950,1623161374
0.250000,9.338380,1623161375
0.250000,9.338184,1623161376
0.000000,9.342256,1623161377
1.500000,9.329696,1623161378
0.000000,9.334897,1623161379
0.000000,9.338282,1623161380
2.740000,9.329500,1623161381
0.000000,9.326114,1623161382
0.000000,9.323808,1623161383
0.000000,9.328911,1623161384
0.000000,9.331511,1623161385
0.500000,9.338478,1623161386
0.250000,9.345544,1623161387
0.500000,9.342207,1623161388
0.000000,9.335486,1623161389
0.000000,9.337105,1623161390
0.000000,9.328420,1623161391
0.000000,9.337792,1623161392
0.000000,9.338135,1623161393
0.500000,9.341275,1623161394
2.980000,9.339067,1623161395
1.520000,9.339999,1623161396
3.260000,9.340392,1623161397
1.520000,9.340441,1623161398
0.500000,9.341864,1623161399
47.240000,11.466504,1623161400
75.630000,11.082583,1623161401
54.180000,9.645468,1623161402
0.500000,9.638746,1623161403
0.750000,9.630749,1623161404
0.250000,9.626726,1623161405
0.750000,9.435673,1623161406
0.250000,9.427627,1623161407
0.000000,9.426547,1623161408
0.000000,9.423554,1623161409
0.250000,9.419335,1623161410
0.250000,9.415410,1623161411
2.990000,9.495334,1623161412
0.000000,9.496217,1623161413
0.000000,9.501565,1623161414
0.500000,9.498818,1623161415
0.500000,9.365218,1623161416
0.250000,9.361048,1623161417
0.250000,9.361489,1623161418
0.250000,9.353933,1623161419
0.250000,9.347850,1623161420
0.000000,9.342305,1623161421
0.250000,9.342453,1623161422
0.000000,9.344170,1623161423
0.250000,9.345936,1623161424
0.250000,9.341569,1623161425
0.000000,9.348536,1623161426
0.000000,9.347261,1623161427
0.000000,9.346181,1623161428
0.250000,9.354718,1623161429
0.000000,9.350548,1623161430
0.500000,9.351333,1623161431
0.000000,9.351382,1623161432
0.500000,9.356436,1623161433
0.500000,9.356288,1623161434
0.000000,9.354228,1623161435
0.000000,9.345102,1623161436
0.000000,9.338380,1623161437
0.250000,9.351922,1623161438
1.990000,9.348831,1623161439
2.530000,9.341569,1623161440
3.010000,9.338969,1623161441
1.780000,9.344366,1623161442
2.250000,9.348635,1623161443
0.000000,9.348046,1623161444
69.500000,10.753368,1623161445
74.680000,11.352187,1623161446
36.270000,9.646793,1623161448
0.000000,9.640611,1623161449
0.000000,9.634527,1623161450
0.000000,9.636538,1623161451
1.000000,9.433073,1623161452
0.000000,9.423407,1623161453
0.500000,9.419188,1623161454
0.000000,9.420905,1623161455
0.000000,9.413840,1623161456
0.000000,9.418550,1623161457
2.750000,9.449754,1623161458
0.250000,9.464817,1623161459
0.000000,9.465602,1623161460
0.000000,9.461971,1623161461
0.000000,9.367573,1623161462
0.000000,9.362618,1623161463
0.500000,9.357809,1623161464
0.000000,9.356534,1623161465
0.000000,9.352265,1623161466
0.250000,9.355945,1623161467
1.000000,9.351775,1623161468
0.000000,9.351431,1623161469
0.250000,9.350254,1623161470
0.000000,9.349272,1623161471
0.250000,9.348684,1623161472
0.000000,9.350450,1623161473
0.000000,9.346917,1623161474
0.250000,9.348782,1623161475
0.250000,9.351873,1623161476
0.000000,9.352658,1623161477
0.000000,9.355749,1623161478
0.250000,9.361048,1623161479
0.000000,9.361931,1623161480
0.000000,9.358594,1623161481
0.250000,9.350793,1623161482
0.000000,9.351971,1623161483
0.000000,9.355503,1623161484
0.000000,9.358840,1623161485
0.250000,9.361931,1623161486
0.000000,9.355945,1623161487
0.000000,9.360312,1623161488
0.500000,9.360557,1623161489
0.000000,9.355013,1623161490
0.000000,9.355945,1623161491
0.250000,9.357319,1623161492
0.000000,9.357270,1623161493
0.250000,9.355111,1623161494
0.000000,9.354228,1623161495
0.000000,9.350793,1623161496
0.000000,9.357368,1623161497
0.000000,9.354081,1623161498
0.000000,9.355356,1623161499
0.000000,9.355356,1623161500
0.000000,9.354767,1623161501
0.500000,9.355651,1623161502
0.000000,9.357466,1623161503
0.000000,9.352020,1623161504
0.000000,9.351088,1623161505
0.000000,9.355356,1623161506
0.000000,9.351186,1623161507
0.000000,9.347408,1623161508
0.250000,9.350990,1623161509
0.250000,9.348929,1623161510
0.000000,9.348536,1623161511
0.250000,9.344513,1623161512
0.000000,9.344808,1623161513
0.000000,9.348684,1623161514
0.500000,9.353394,1623161515
0.000000,9.345495,1623161516
0.000000,9.341422,1623161517
0.250000,9.348095,1623161518
0.000000,9.350106,1623161519
0.000000,9.347702,1623161520
0.000000,9.347114,1623161521
3.260000,9.350499,1623161522
2.770000,9.350352,1623161523
3.260000,9.348242,1623161524
1.770000,9.347310,1623161525
0.750000,9.348586,1623161526
37.780000,11.106821,1623161527
72.750000,10.416695,1623161528
67.860000,9.653514,1623161529
0.500000,9.644487,1623161530
0.250000,9.644438,1623161531
1.250000,9.643751,1623161532
0.250000,9.437194,1623161533
0.000000,9.433956,1623161534
0.250000,9.429148,1623161535
0.500000,9.430521,1623161536
0.750000,9.420954,1623161537
0.000000,9.418010,1623161538
1.770000,9.476052,1623161539
0.000000,9.476297,1623161540
0.000000,9.473157,1623161541
0.250000,9.470704,1623161542
0.250000,9.375668,1623161543
0.000000,9.370517,1623161544
0.000000,9.362863,1623161545
0.250000,9.363550,1623161546
0.000000,9.361538,1623161547
0.000000,9.359870,1623161548
0.500000,9.360999,1623161549
0.000000,9.364237,1623161550
0.000000,9.365856,1623161551
0.500000,9.365561,1623161552
0.250000,9.370419,1623161553
0.000000,9.362716,1623161554
0.250000,9.365610,1623161555
0.000000,9.367230,1623161556
0.000000,9.358398,1623161557
0.000000,9.360066,1623161558
0.000000,9.361538,1623161559
0.000000,9.365954,1623161560
0.250000,9.363550,1623161561
0.000000,9.360312,1623161562
0.000000,9.363157,1623161563
0.000000,9.363942,1623161564
0.250000,9.365022,1623161565
0.000000,9.370615,1623161566
0.000000,9.366935,1623161567
0.000000,9.362569,1623161568
0.000000,9.354179,1623161569
0.250000,9.356485,1623161570
0.000000,9.357858,1623161571
0.250000,9.363354,1623161572
0.000000,9.364384,1623161573
0.000000,9.363746,1623161574
0.000000,9.363746,1623161575
0.000000,9.361931,1623161576
0.000000,9.360066,1623161577
0.000000,9.360508,1623161578
0.000000,9.362372,1623161579
0.250000,9.356779,1623161580
0.750000,9.362372,1623161581
0.000000,9.364776,1623161582
0.000000,9.362814,1623161583
0.250000,9.366935,1623161584
0.250000,9.367916,1623161585
0.000000,9.366788,1623161586
0.760000,9.359036,1623161587
3.270000,9.360115,1623161588
3.240000,9.361931,1623161589
2.530000,9.365022,1623161590
1.510000,9.365807,1623161591
0.500000,9.363893,1623161592
59.450000,11.416950,1623161593
76.650000,11.472637,1623161595
42.280000,9.664456,1623161596
0.000000,9.653465,1623161597
0.000000,9.652190,1623161598
0.750000,9.653416,1623161599
0.250000,9.449705,1623161600
0.250000,9.442051,1623161601
0.000000,9.440334,1623161602
0.000000,9.431257,1623161603
0.000000,9.431748,1623161604
0.000000,9.431110,1623161605
2.750000,9.482234,1623161606
0.250000,9.495972,1623161607
0.000000,9.489790,1623161608
0.000000,9.489692,1623161609
0.500000,9.387787,1623161610
0.000000,9.378171,1623161611
0.250000,9.372087,1623161612
0.500000,9.364776,1623161613
0.000000,9.372038,1623161614
0.000000,9.371694,1623161615
0.000000,9.375129,1623161616
0.000000,9.368947,1623161617
0.000000,9.364482,1623161618
0.000000,9.372332,1623161619
0.250000,9.364776,1623161620
0.000000,9.370860,1623161621
0.000000,9.368505,1623161622
0.250000,9.362961,1623161623
0.000000,9.368064,1623161624
0.250000,9.358398,1623161625
0.000000,9.367475,1623161626
0.250000,9.365660,1623161627
0.500000,9.359478,1623161628
0.000000,9.366052,1623161629
0.000000,9.365856,1623161630
0.000000,9.369045,1623161631
0.250000,9.377925,1623161632
0.000000,9.370566,1623161633
0.000000,9.371645,1623161634
0.000000,9.368407,1623161635
0.000000,9.367475,1623161636
0.000000,9.362765,1623161637
0.000000,9.368849,1623161638
0.000000,9.371007,1623161639
0.750000,9.363991,1623161640
0.500000,9.361734,1623161641
0.000000,9.360704,1623161642
0.750000,9.358938,1623161643
0.250000,9.360802,1623161644
0.000000,9.365218,1623161645
0.000000,9.369634,1623161646
0.000000,9.361146,1623161647
0.000000,9.364188,1623161648
0.000000,9.367279,1623161649
0.750000,9.375031,1623161650
0.000000,9.369977,1623161651
0.000000,9.374736,1623161652
0.500000,9.368064,1623161653
0.000000,9.364973,1623161654
0.250000,9.361734,1623161655
0.000000,9.365365,1623161656
0.000000,9.374442,1623161657
0.000000,9.371351,1623161658
0.000000,9.373461,1623161659
0.250000,9.370173,1623161660
0.000000,9.369388,1623161661
0.250000,9.371547,1623161662
0.000000,9.370075,1623161663
0.500000,9.369683,1623161664
0.250000,9.371891,1623161665
0.250000,9.374834,1623161666
0.250000,9.374540,1623161667
0.000000,9.373608,1623161668
0.000000,9.368260,1623161669
0.000000,9.369879,1623161670
0.000000,9.369634,1623161671
0.000000,9.370958,1623161672
0.000000,9.363991,1623161673
0.250000,9.361882,1623161674
0.000000,9.367622,1623161675
0.000000,9.372676,1623161676
0.250000,9.368260,1623161677
0.500000,9.367230,1623161678
0.000000,9.356926,1623161679
0.000000,9.357221,1623161680
0.000000,9.354767,1623161681
0.000000,9.363305,1623161682
0.250000,9.366003,1623161683
2.780000,9.368505,1623161684
2.280000,9.363697,1623161685
3.750000,9.363599,1623161686
3.010000,9.362814,1623161687
0.000000,9.366101,1623161688
21.410000,10.359782,1623161689
76.150000,9.883180,1623161690
81.070000,9.666026,1623161691
0.250000,9.661021,1623161692
0.000000,9.663131,1623161693
0.000000,9.656458,1623161694
1.250000,9.455544,1623161695
0.750000,9.447644,1623161696
0.000000,9.441217,1623161697
0.500000,9.443425,1623161698
0.000000,9.444701,1623161699
0.250000,9.437930,1623161700
2.260000,9.504950,1623161701
0.250000,9.536695,1623161702
0.000000,9.543760,1623161703
0.000000,9.542288,1623161704
0.000000,9.395784,1623161705
0.000000,9.382488,1623161706
0.250000,9.383666,1623161707
0.000000,9.385383,1623161708
0.000000,9.375031,1623161709
0.250000,9.374246,1623161710
0.000000,9.373510,1623161711
0.000000,9.371989,1623161712
0.000000,9.368603,1623161713
0.000000,9.373313,1623161714
0.000000,9.368603,1623161715
0.000000,9.370026,1623161716
1.490000,9.377484,1623161717
0.250000,9.376503,1623161718
0.000000,9.380624,1623161719
0.000000,9.376944,1623161720
0.000000,9.382783,1623161721
0.250000,9.380869,1623161722
0.250000,9.382292,1623161723
0.000000,9.380869,1623161724
0.250000,9.382685,1623161725
0.000000,9.380477,1623161726
0.500000,9.376699,1623161727
0.000000,9.376355,1623161728
0.500000,9.373068,1623161729
0.250000,9.366396,1623161730
0.000000,9.370173,1623161731
0.500000,9.373166,1623161732
0.000000,9.370958,1623161733
0.000000,9.370958,1623161734
0.500000,9.380722,1623161735
0.000000,9.381360,1623161736
0.250000,9.377827,1623161737
0.250000,9.370272,1623161738
0.000000,9.372676,1623161739
0.250000,9.371253,1623161740
0.500000,9.369977,1623161741
0.250000,9.367573,1623161742
1.770000,9.372872,1623161743
3.510000,9.372185,1623161744
3.520000,9.375668,1623161745
3.500000,9.374246,1623161746
0.750000,9.372970,1623161747
5.960000,9.605383,1623161749
89.590000,9.717346,1623161750
80.410000,9.973800,1623161751
7.590000,9.677752,1623161752
0.000000,9.667792,1623161753
0.000000,9.667743,1623161754
0.000000,9.666860,1623161755
0.000000,9.469085,1623161756
0.000000,9.462265,1623161757
0.250000,9.457850,1623161758
0.000000,9.461333,1623161759
0.000000,9.468693,1623161760
0.000000,9.473256,1623161761
1.770000,9.451128,1623161762
0.250000,9.456231,1623161763
0.250000,9.459420,1623161764
0.000000,9.456427,1623161765
0.250000,9.396471,1623161766
0.000000,9.384255,1623161767
0.000000,9.382145,1623161768
0.000000,9.383322,1623161769
0.250000,9.388621,1623161770
0.000000,9.384549,1623161771
0.000000,9.388229,1623161772
0.250000,9.390044,1623161773
0.000000,9.389946,1623161774
0.000000,9.380918,1623161775
0.250000,9.379888,1623161776
0.500000,9.383764,1623161777
0.000000,9.374736,1623161778
0.000000,9.371645,1623161779
0.250000,9.374491,1623161780
0.000000,9.385236,1623161781
0.000000,9.377288,1623161782
0.250000,9.380575,1623161783
1.000000,9.377386,1623161784
0.000000,9.379643,1623161785
0.000000,9.383273,1623161786
0.000000,9.386659,1623161787
0.250000,9.377484,1623161788
0.000000,9.380575,1623161789
0.000000,9.379986,1623161790
0.740000,9.377925,1623161791
0.000000,9.378171,1623161792
0.500000,9.378073,1623161793
0.000000,9.379495,1623161794
0.250000,9.386561,1623161795
0.250000,9.389553,1623161796
0.000000,9.384255,1623161797
0.250000,9.384156,1623161798
0.000000,9.383273,1623161799
0.000000,9.382881,1623161800
0.000000,9.385972,1623161801
0.000000,9.386855,1623161802
0.250000,9.384549,1623161803
0.000000,9.379986,1623161804
0.250000,9.382881,1623161805
0.000000,9.379594,1623161806
0.250000,9.383077,1623161807
0.500000,9.380722,1623161808
0.000000,9.382979,1623161809
0.250000,9.383764,1623161810
0.250000,9.384009,1623161811
0.000000,9.385972,1623161812
0.000000,9.388474,1623161813
0.000000,9.381065,1623161814
0.000000,9.386953,1623161815
0.250000,9.384353,1623161816
0.000000,9.382685,1623161817
1.000000,9.385776,1623161818
0.000000,9.386266,1623161819
0.000000,9.382390,1623161820
0.740000,9.384353,1623161821
0.250000,9.379152,1623161822
0.250000,9.389602,1623161823
0.250000,9.391516,1623161824
0.000000,9.392007,1623161825
0.000000,9.382635,1623161826
0.000000,9.382734,1623161827
0.250000,9.386610,1623161828
0.250000,9.382979,1623161829
0.500000,9.381850,1623161830
0.990000,