cpu,ram,timestamp
0.000000,9.373313,1623161837
0.000000,9.380771,1623161838
0.750000,9.339214,1623161839
0.000000,9.329058,1623161840
0.000000,9.329304,1623161841
0.000000,9.330285,1623161842
0.000000,9.332100,1623161843
0.250000,9.333327,1623161844
0.000000,9.332493,1623161845
0.000000,9.336761,1623161846
0.250000,9.325329,1623161847
0.000000,9.332198,1623161848
0.250000,9.335976,1623161849
0.000000,9.330825,1623161850
0.000000,9.330775,1623161851
0.250000,9.336369,1623161852
0.250000,9.339754,1623161853
0.250000,9.328420,1623161854
0.000000,9.321699,1623161855
0.250000,9.331315,1623161856
0.250000,9.330285,1623161857
2.500000,9.346181,1623161858
5.280000,9.321797,1623161859
0.250000,9.320031,1623161860
0.250000,9.322729,1623161861
0.250000,9.324397,1623161862
0.000000,9.314977,1623161863
0.000000,9.313751,1623161864
0.250000,9.316645,1623161865
0.000000,9.321012,1623161866
0.250000,9.325280,1623161867
0.000000,9.321159,1623161868
0.740000,9.324299,1623161869
0.000000,9.324888,1623161870
0.000000,9.310807,1623161871
0.500000,9.311837,1623161872
0.000000,9.321110,1623161873
0.000000,9.320031,1623161874
0.000000,9.321208,1623161875
0.000000,9.325379,1623161876
0.000000,9.319638,1623161877
0.000000,9.323122,1623161878
0.250000,9.319687,1623161879
0.750000,9.316351,1623161880
0.000000,9.323465,1623161881
0.250000,9.323023,1623161882
0.500000,9.319393,1623161883
0.000000,9.319540,1623161884
0.000000,9.322827,1623161885
0.000000,9.323956,1623161886
0.000000,9.314192,1623161887
0.500000,9.316302,1623161888
0.000000,9.325428,1623161889
0.000000,9.320619,1623161890
0.000000,9.326654,1623161891
0.250000,9.319295,1623161892
0.000000,9.317872,1623161893
0.250000,9.323710,1623161894
0.250000,9.326899,1623161895
0.000000,9.322631,1623161896
0.000000,9.322238,1623161897
0.000000,9.322729,1623161898
0.250000,9.322337,1623161899
0.500000,9.322337,1623161900
0.000000,9.322582,1623161901
0.500000,9.333278,1623161902
0.000000,9.325624,1623161903
0.250000,9.331708,1623161904
0.000000,9.323710,1623161905
0.000000,9.313898,1623161906
0.000000,9.310709,1623161907
0.250000,9.316056,1623161908
0.000000,9.316449,1623161909
0.000000,9.316449,1623161910
0.250000,9.310856,1623161911
0.000000,9.319049,1623161912
0.000000,9.322140,1623161913
0.000000,9.323122,1623161914
0.000000,9.323122,1623161915
0.000000,9.322778,1623161916
0.250000,9.320325,1623161917
0.250000,9.310512,1623161918
0.000000,9.313751,1623161919
0.250000,9.310660,1623161920
0.500000,9.314143,1623161921
0.500000,9.316155,1623161922
0.500000,9.316989,1623161923
0.000000,9.319834,1623161924
0.000000,9.319785,1623161925
0.250000,9.323073,1623161926
0.250000,9.325967,1623161927
0.000000,9.329107,1623161928
0.000000,9.325231,1623161929
0.000000,9.326458,1623161930
0.000000,9.316596,1623161932
0.000000,9.316645,1623161933
0.000000,9.318657,1623161934
0.000000,9.316498,1623161935
0.000000,9.318755,1623161936
0.250000,9.321895,1623161937
0.750000,9.321355,1623161938
0.000000,9.326164,1623161939
0.000000,9.324692,1623161940
0.000000,9.321699,1623161941
0.250000,9.325231,1623161942
0.000000,9.326949,1623161943
0.000000,9.330040,1623161944
0.250000,9.324299,1623161945
0.000000,9.324054,1623161946
0.000000,9.320619,1623161947
0.000000,9.324005,1623161948
0.250000,9.326458,1623161949
0.000000,9.321503,1623161950
0.000000,9.324692,1623161951
0.000000,9.329549,1623161952
0.000000,9.332542,1623161953
0.000000,9.325967,1623161954
0.000000,9.327341,1623161955
0.000000,9.323073,1623161956
0.250000,9.326998,1623161957
0.250000,9.319883,1623161958
0.500000,9.321404,1623161959
0.000000,9.319295,1623161960
0.000000,9.327145,1623161961
0.000000,9.327488,1623161962
0.000000,9.330628,1623161963
0.500000,9.329843,1623161964
1.010000,9.334112,1623161965
2.270000,9.339558,1623161966
1.260000,9.339950,1623161967
0.250000,9.338822,1623161968
0.250000,9.333081,1623161969
0.250000,9.332444,1623161970
0.250000,9.333719,1623161971
0.250000,9.344709,1623161972
0.000000,9.344072,1623161973
0.000000,9.339705,1623161974
0.000000,9.336614,1623161975
0.000000,9.333866,1623161976
0.000000,9.335633,1623161977
0.000000,9.332444,1623161978
0.500000,9.339754,1623161979
0.000000,9.348046,1623161980
0.250000,9.350744,1623161981
0.250000,9.360214,1623161982
0.000000,9.347310,1623161983
0.000000,9.344219,1623161984
0.000000,9.341864,1623161985
0.000000,9.347751,1623161986
0.250000,9.348536,1623161987
0.500000,9.344513,1623161988
0.000000,9.347850,1623161989
0.250000,9.349174,1623161990
0.250000,9.348782,1623161991
0.000000,9.349174,1623161992
0.000000,9.341619,1623161993
0.250000,9.350990,1623161994
0.000000,9.346083,1623161995
0.250000,9.345985,1623161996
0.000000,9.336123,1623161997
0.000000,9.341520,1623161998
0.000000,9.338429,1623161999
0.000000,9.339214,1623162000
0.250000,9.340833,1623162001
0.750000,9.346034,1623162002
0.250000,9.335437,1623162003
0.250000,9.338331,1623162004
0.000000,9.343287,1623162005
0.000000,9.347800,1623162006
0.000000,9.348487,1623162007
0.000000,9.348487,1623162008
0.000000,9.353492,1623162009
0.000000,9.357073,1623162010
0.500000,9.360459,1623162011
0.000000,9.357417,1623162012
0.250000,9.363795,1623162013
0.250000,9.363157,1623162014
0.000000,9.360164,1623162015
0.000000,9.365856,1623162016
0.000000,9.358300,1623162017
0.000000,9.349763,1623162018
0.000000,9.340981,1623162019
0.000000,9.347408,1623162020
0.500000,9.347065,1623162021
0.250000,9.348389,1623162022
0.000000,9.344513,1623162023
0.000000,9.341962,1623162024
0.250000,9.346083,1623162025
0.000000,9.342109,1623162026
0.250000,9.350205,1623162027
0.000000,9.350205,1623162028
0.250000,9.344955,1623162029
0.250000,9.345593,1623162030
0.000000,9.348193,1623162031
0.000000,9.350597,1623162032
0.000000,9.353345,1623162033
0.000000,9.354571,1623162034
0.250000,9.354277,1623162035
0.000000,9.346770,1623162036
0.000000,9.347899,1623162037
0.000000,9.349714,1623162038
0.000000,9.357662,1623162039
0.500000,9.356387,1623162040
0.500000,9.351627,1623162041
0.250000,9.352363,1623162042
0.000000,9.347555,1623162043
0.000000,9.338380,1623162044
0.000000,9.340637,1623162045
0.000000,9.335338,1623162046
0.000000,9.340147,1623162047
0.000000,9.341913,1623162048
4.760000,9.487484,1623162049
89.090000,9.888037,1623162050
77.690000,10.231726,1623162051
15.540000,9.630798,1623162052
0.250000,9.618974,1623162053
0.000000,9.612399,1623162054
0.750000,9.438175,1623162055
0.000000,9.432729,1623162056
0.000000,9.435820,1623162057
0.000000,9.429491,1623162058
0.500000,9.431454,1623162059
0.000000,9.438126,1623162060
0.750000,9.439745,1623162061
2.760000,9.460352,1623162062
0.000000,9.454366,1623162063
0.500000,9.464719,1623162064
0.000000,9.475512,1623162065
0.000000,9.376601,1623162066
0.250000,9.380084,1623162067
0.000000,9.379348,1623162068
0.250000,9.378073,1623162069
0.000000,9.369732,1623162070
0.000000,9.370909,1623162071
0.250000,9.372823,1623162072
0.000000,9.367328,1623162073
0.500000,9.361538,1623162074
0.000000,9.360851,1623162075
0.250000,9.353835,1623162076
0.000000,9.356534,1623162077
0.250000,9.357368,1623162078
0.500000,9.350450,1623162079
1.250000,9.354228,1623162080
0.250000,9.356092,1623162081
0.250000,9.357368,1623162082
0.750000,9.357957,1623162083
0.000000,9.360851,1623162084
0.000000,9.369536,1623162085
0.250000,9.360753,1623162086
0.000000,9.367524,1623162087
0.000000,9.360704,1623162089
2.010000,9.350891,1623162090
2.520000,9.360361,1623162091
1.010000,9.363354,1623162092
0.000000,9.356926,1623162093
83.040000,9.959081,1623162094
76.410000,10.250763,1623162095
21.610000,9.666909,1623162096
0.250000,9.663769,1623162097
0.250000,9.669313,1623162098
0.000000,9.667301,1623162099
0.250000,9.462707,1623162100
0.500000,9.447203,1623162101
0.000000,9.447399,1623162102
0.000000,9.444946,1623162103
0.500000,9.438322,1623162104
0.000000,9.438322,1623162105
1.760000,9.505637,1623162106
0.000000,9.516137,1623162107
0.000000,9.519081,1623162108
0.500000,9.395098,1623162109
0.250000,9.384206,1623162110
0.000000,9.380722,1623162111
0.000000,9.380771,1623162112
0.250000,9.371449,1623162113
0.000000,9.372283,1623162114
0.000000,9.377189,1623162115
0.000000,9.377140,1623162116
0.000000,9.371596,1623162117
0.000000,9.371842,1623162118
0.250000,9.378367,1623162119
0.000000,9.376208,1623162120
0.000000,9.370762,1623162121
0.000000,9.375374,1623162122
0.250000,9.370664,1623162123
0.500000,9.367475,1623162124
0.250000,9.373853,1623162125
0.000000,9.375325,1623162126
1.000000,9.367475,1623162127
0.000000,9.371547,1623162128
1.250000,9.373951,1623162129
0.000000,9.376944,1623162130
0.000000,9.370075,1623162131
0.000000,9.365071,1623162132
0.000000,9.372872,1623162133
0.000000,9.377631,1623162134
0.000000,9.363893,1623162135
0.740000,9.363991,1623162136
0.250000,9.360704,1623162137
0.000000,9.357515,1623162138
0.000000,9.369977,1623162139
0.000000,9.376355,1623162140
0.000000,9.376552,1623162141
0.250000,9.379643,1623162142
0.000000,9.374246,1623162143
2.500000,9.369781,1623162144
2.990000,9.377533,1623162145
1.750000,9.375963,1623162146
0.500000,9.364629,1623162147
79.750000,10.027721,1623162148
75.000000,11.249546,1623162149
29.500000,9.675151,1623162150
0.500000,9.668969,1623162151
0.500000,9.664848,1623162152
0.000000,9.661217,1623162153
1.250000,9.467957,1623162154
0.000000,9.454857,1623162155
0.000000,9.463099,1623162156
0.000000,9.463394,1623162157
0.000000,9.463296,1623162158
0.000000,9.458389,1623162159
2.260000,9.507845,1623162160
0.250000,9.517609,1623162161
0.000000,9.522172,1623162162
0.750000,9.411043,1623162163
0.000000,9.406922,1623162164
0.000000,9.399759,1623162165
0.000000,9.398238,1623162166
0.250000,9.391663,1623162167
0.000000,9.395196,1623162168
0.250000,9.398189,1623162169
0.250000,9.398090,1623162170
0.250000,9.396766,1623162171
0.000000,9.393675,1623162172
0.000000,9.390388,1623162173
0.250000,9.391908,1623162174
0.000000,9.393577,1623162175
0.000000,9.388719,1623162176
0.250000,9.391712,1623162177
0.750000,9.391908,1623162178
1.250000,9.395883,1623162179
0.000000,9.381164,1623162180
0.000000,9.386708,1623162181
0.750000,9.381409,1623162182
0.000000,9.376306,1623162183
0.750000,9.376846,1623162184
0.000000,9.376846,1623162185
0.000000,9.367328,1623162186
0.250000,9.379348,1623162187
0.000000,9.379643,1623162188
0.500000,9.378514,1623162189
0.000000,9.379643,1623162190
0.000000,9.379741,1623162191
0.000000,9.388523,1623162192
0.250000,9.386119,1623162193
0.000000,9.385923,1623162194
0.000000,9.375619,1623162195
0.000000,9.378367,1623162196
0.000000,9.380624,1623162197
0.000000,9.388425,1623162198
0.250000,9.386511,1623162199
0.500000,9.380330,1623162200
0.000000,9.377729,1623162201
0.000000,9.375718,1623162202
0.000000,9.372087,1623162203
0.000000,9.364335,1623162204
0.250000,9.367573,1623162205
0.000000,9.379544,1623162206
0.000000,9.378956,1623162207
0.000000,9.382145,1623162208
0.250000,9.384745,1623162209
0.000000,9.379986,1623162210
0.250000,9.383568,1623162211
0.000000,9.379839,1623162212
0.000000,9.379937,1623162213
0.000000,9.379741,1623162214
0.000000,9.378759,1623162215
0.000000,9.382243,1623162216
0.000000,9.382930,1623162217
0.250000,9.377925,1623162218
0.500000,9.378710,1623162219
0.000000,9.375521,1623162220
0.000000,9.376650,1623162221
0.000000,9.379643,1623162222
0.500000,9.380918,1623162223
0.000000,9.381654,1623162224
0.250000,9.380771,1623162225
0.000000,9.379937,1623162226
0.000000,9.376355,1623162227
0.500000,9.373902,1623162228
0.500000,9.378956,1623162229
0.500000,9.378024,1623162230
0.000000,9.380133,1623162231
0.000000,9.370173,1623162232
0.000000,9.375619,1623162234
0.000000,9.375276,1623162235
0.250000,9.366199,1623162236
0.000000,9.375668,1623162237
0.000000,9.378563,1623162238
0.000000,9.372774,1623162239
0.250000,9.379937,1623162240
0.250000,9.376993,1623162241
0.250000,9.379005,1623162242
0.000000,9.365120,1623162243
0.250000,9.361685,1623162244
0.000000,9.357760,1623162245
0.000000,9.360999,1623162246
0.250000,9.356534,1623162247
0.250000,9.362618,1623162248
0.250000,9.365905,1623162249
0.250000,9.366886,1623162250
0.500000,9.368898,1623162251
0.000000,9.368800,1623162252
0.000000,9.375767,1623162253
0.000000,9.377631,1623162254
0.250000,9.379152,1623162255
0.000000,9.379790,1623162256
0.000000,9.380280,1623162257
0.000000,9.378122,1623162258
0.000000,9.382685,1623162259
0.750000,9.378171,1623162260
0.000000,9.388768,1623162261
0.000000,9.382685,1623162262
0.000000,9.376846,1623162263
0.250000,9.379348,1623162264
0.000000,9.378024,1623162265
0.000000,9.379250,1623162266
0.000000,9.378269,1623162267
0.250000,9.384255,1623162268
0.000000,9.388229,1623162269
0.250000,9.378907,1623162270
0.000000,9.378858,1623162271
0.250000,9.374785,1623162272
0.250000,9.378956,1623162273
0.000000,9.381654,1623162274
0.000000,9.372136,1623162275
0.000000,9.377288,1623162276
0.000000,9.372283,1623162277
0.000000,9.365022,1623162278
0.250000,9.372283,1623162279
0.250000,9.378759,1623162280
0.000000,9.377778,1623162281
0.000000,9.382145,1623162282
0.250000,9.376159,1623162283
0.000000,9.368505,1623162284
0.000000,9.368015,1623162285
0.500000,9.373706,1623162286
0.250000,9.370321,1623162287
0.250000,9.372774,1623162288
0.000000,9.373608,1623162289
0.750000,9.370566,1623162290
0.000000,9.373608,1623162291
0.250000,9.378073,1623162292
0.000000,9.377091,1623162293
0.250000,9.382783,1623162294
0.000000,9.380624,1623162295
0.250000,9.376404,1623162296
0.000000,9.377435,1623162297
0.000000,9.379299,1623162298
0.250000,9.380477,1623162299
0.250000,9.379888,1623162300
0.250000,9.382586,1623162301
0.250000,9.388817,1623162302
0.500000,9.390191,1623162303
0.000000,9.391810,1623162304
0.500000,9.393282,1623162305
0.000000,9.389161,1623162306
0.000000,9.392105,1623162307
0.500000,9.386708,1623162308
0.000000,9.390093,1623162309
0.250000,9.389014,1623162310
0.000000,9.393282,1623162311
0.000000,9.396177,1623162312
0.000000,9.391320,1623162313
0.500000,9.391712,1623162314
0.250000,9.395147,1623162315
0.000000,9.395441,1623162316
0.250000,9.397305,1623162317
0.000000,9.397502,1623162318
0.000000,9.399170,1623162319
0.000000,9.395588,1623162320
0.000000,9.392595,1623162321
0.000000,9.392007,1623162322
0.000000,9.392007,1623162323
0.000000,9.394901,1623162324
0.250000,9.394950,1623162325
0.740000,9.392399,1623162326
0.000000,9.395686,1623162327
0.000000,9.391859,1623162328
0.000000,9.395490,1623162329
0.000000,9.391908,1623162330
0.000000,9.388278,1623162331
0.740000,9.395392,1623162332
0.000000,9.381458,1623162333
0.250000,9.369634,1623162334
0.500000,9.373951,1623162335
0.000000,9.372234,1623162336
0.500000,9.376846,1623162337
0.250000,9.373215,1623162338
0.000000,9.375423,1623162339
0.000000,9.381949,1623162340
0.250000,9.380918,1623162341
0.000000,9.372136,1623162342
0.250000,9.375374,1623162343
0.250000,9.380624,1623162344
0.000000,9.381458,1623162345
0.000000,9.376110,1623162346
0.250000,9.381801,1623162347
0.250000,9.376208,1623162348
0.000000,9.382586,1623162349
0.000000,9.381458,1623162350
0.250000,9.386266,1623162351
0.000000,9.377189,1623162352
0.000000,9.380967,1623162353
0.000000,9.384843,1623162354
0.740000,9.380379,1623162355
0.000000,9.386315,1623162356
0.000000,9.381556,1623162357
0.000000,9.384745,1623162358
0.000000,9.386462,1623162359
0.000000,9.387247,1623162360
0.500000,9.382832,1623162361
0.250000,9.380280,1623162362
0.250000,9.382881,1623162363
0.250000,9.390731,1623162364
0.000000,9.379986,1623162365
0.250000,9.372528,1623162366
0.000000,9.367867,1623162367
0.000000,9.365365,1623162368
0.000000,9.368015,1623162369
0.500000,9.373313,1623162370
0.000000,9.367818,1623162371
0.000000,9.367426,1623162372
2.260000,9.370860,1623162373
2.740000,9.368309,1623162374
0.750000,9.374098,1623162375
0.250000,9.373902,1623162376
0.000000,9.378220,1623162377
0.500000,9.375619,1623162378
0.000000,9.380820,1623162379
0.250000,9.387297,1623162380
0.000000,9.375914,1623162381
0.000000,9.375816,1623162382
0.250000,9.377729,1623162383
0.000000,9.378759,1623162384
0.000000,9.379152,1623162385
0.250000,9.380624,1623162386
0.000000,9.379839,1623162387
0.000000,9.382488,1623162388
0.000000,9.388867,1623162389
0.250000,9.381360,1623162390
0.500000,9.375129,1623162391
0.000000,9.377239,1623162392
0.000000,9.377239,1623162393
0.000000,9.377925,1623162394
0.000000,9.376846,1623162396
0.750000,9.379643,1623162397
0.000000,9.376355,1623162398
0.000000,9.382832,1623162399
0.000000,9.386021,1623162400
0.000000,9.383764,1623162401
0.250000,9.380231,1623162402
0.000000,9.373853,1623162403
0.000000,9.371645,1623162404
0.000000,9.373215,1623162405
0.250000,9.376306,1623162406
0.250000,9.374491,1623162407
0.000000,9.373510,1623162408
0.000000,9.379397,1623162409
0.000000,9.370222,1623162410
0.990000,9.376895,1623162411
0.000000,9.377386,1623162412
0.000000,9.382390,1623162413
0.000000,9.380477,1623162414
0.000000,9.373706,1623162415
0.250000,9.383862,1623162416
0.250000,9.386413,1623162417
0.250000,9.382930,1623162418
0.250000,9.385285,1623162419
0.000000,9.388474,1623162420
0.250000,9.382537,1623162421
0.250000,9.376012,1623162422
0.000000,9.379005,1623162423
0.250000,9.382096,1623162424
0.000000,9.389259,1623162425
0.000000,9.385530,1623162426
0.250000,9.379103,1623162427
0.000000,9.381900,1623162428
0.000000,9.385089,1623162429
0.000000,9.382390,1623162430
0.000000,9.381900,1623162431
0.000000,9.372725,1623162432
0.000000,9.372970,1623162433
0.250000,9.375227,1623162434
0.000000,9.379250,1623162435
0.000000,9.369339,1623162436
1.000000,9.380673,1623162437
0.000000,9.379692,1623162438
0.000000,9.373510,1623162439
0.000000,9.372528,1623162440
0.250000,9.375325,1623162441
0.000000,9.371891,1623162442
0.000000,9.374736,1623162443
0.000000,9.373412,1623162444
0.250000,9.378220,1623162445
0.000000,9.379888,1623162446
0.000000,9.380575,1623162447
0.000000,9.385776,1623162448
0.250000,9.385677,1623162449
0.000000,9.388376,1623162450
0.000000,9.383813,1623162451
0.250000,9.387934,1623162452
0.000000,9.382488,1623162453
0.250000,9.380133,1623162454
0.000000,9.379692,1623162455
0.250000,9.382783,1623162456
3.500000,9.494058,1623162457
86.650000,10.031842,1623162458
76.400000,9.992542,1623162459
15.950000,9.680499,1623162460
0.250000,9.665633,1623162461
0.000000,9.665731,1623162462
0.000000,9.670147,1623162463
0.500000,9.466632,1623162464
0.740000,9.457555,1623162465
0.000000,9.455102,1623162466
0.250000,9.449214,1623162467
0.000000,9.453876,1623162468
0.000000,9.451373,1623162469
2.500000,9.475071,1623162470
0.000000,9.475071,1623162471
0.000000,9.475758,1623162472
0.250000,9.402850,1623162473
0.250000,9.399415,1623162474
0.000000,9.397943,1623162475
0.500000,9.388082,1623162476
0.250000,9.389455,1623162477
0.000000,9.381016,1623162478
0.000000,9.383911,1623162479
0.000000,9.384647,1623162480
0.250000,9.377435,1623162481
0.250000,9.380722,1623162482
0.000000,9.384549,1623162483
0.000000,9.387591,1623162484
0.000000,9.385089,1623162485
0.250000,9.384991,1623162486
0.000000,9.381360,1623162487
0.000000,9.387198,1623162488
0.000000,9.393478,1623162489
0.000000,9.387787,1623162490
0.500000,9.390191,1623162491
1.750000,9.387198,1623162492
0.000000,9.387100,1623162493
0.000000,9.387100,1623162494
0.000000,9.387100,1623162495
0.000000,9.382783,1623162496
2.260000,9.383764,1623162497
2.270000,9.374883,1623162498
1.500000,9.383470,1623162499
0.000000,9.378514,1623162500
70.350000,10.529247,1623162501
76.460000,11.399239,1623162502
35.880000,9.655771,1623162503
0.000000,9.647627,1623162504
0.000000,9.641200,1623162505
0.500000,9.639433,1623162506
0.500000,9.469527,1623162507
0.000000,9.459420,1623162508
0.250000,9.459272,1623162509
0.000000,9.455102,1623162510
0.000000,9.446810,1623162511
0.250000,9.461088,1623162512
2.270000,9.499701,1623162513
0.000000,9.509661,1623162514
0.000000,9.506570,1623162515
0.250000,9.506864,1623162516
0.500000,9.410503,1623162517
0.000000,9.406677,1623162518
0.000000,9.407118,1623162519
0.000000,9.396324,1623162520
0.000000,9.395637,1623162521
0.250000,9.392743,1623162522
0.000000,9.393773,1623162523
0.000000,9.393773,1623162524
0.000000,9.393822,1623162525
0.250000,9.399906,1623162526
0.500000,9.401721,1623162527
0.500000,9.399366,1623162528
0.250000,9.397502,1623162529
0.000000,9.389946,1623162530
0.000000,9.389455,1623162531
1.010000,9.389259,1623162532
0.250000,9.386659,1623162533
0.000000,9.390633,1623162534
0.000000,9.392693,1623162535
0.500000,9.396717,1623162536
0.000000,9.392252,1623162537
0.000000,9.395343,1623162538
0.000000,9.399710,1623162539
0.000000,9.398532,1623162540
0.000000,9.393037,1623162541
0.500000,9.395637,1623162542
2.260000,9.393429,1623162543
2.510000,9.388867,1623162545
0.000000,9.395539,1623162546
26.170000,10.418952,1623162547
75.890000,9.880433,1623162548
82.910000,9.692961,1623162549
0.000000,9.689282,1623162550
0.000000,9.689527,1623162551
0.000000,9.681579,1623162552
0.500000,9.479192,1623162553
2.000000,9.477524,1623162554
0.000000,9.475267,1623162555
0.000000,9.483608,1623162556
0.750000,9.482038,1623162557
0.000000,9.476347,1623162558
0.000000,9.473893,1623162559
2.510000,9.518149,1623162560
0.000000,9.521828,1623162561
0.000000,9.519326,1623162562
0.000000,9.498621,1623162563
0.000000,9.413987,1623162564
0.000000,9.411338,1623162565
0.000000,9.407069,1623162566
0.000000,9.403684,1623162567
0.000000,9.403340,1623162568
0.000000,9.404272,1623162569
0.250000,9.409866,1623162570
0.000000,9.409032,1623162571
0.250000,9.391614,1623162572
0.000000,9.394018,1623162573
0.250000,9.391320,1623162574
0.250000,9.390731,1623162575
0.000000,9.403389,1623162576
1.000000,9.400642,1623162577
0.000000,9.397256,1623162578
0.000000,9.400102,1623162579
0.250000,9.401378,1623162580
0.000000,9.394656,1623162581
0.000000,9.396520,1623162582
0.000000,9.403978,1623162583
0.000000,9.397796,1623162584
0.000000,9.396520,1623162585
0.000000,9.396422,1623162586
0.250000,9.398189,1623162587
0.000000,9.397698,1623162588
0.000000,9.393135,1623162589
0.000000,9.395196,1623162590
0.000000,9.402850,1623162591
0.000000,9.390338,1623162592
0.000000,9.396226,1623162593
0.000000,9.390878,1623162594
0.000000,9.395834,1623162595
0.250000,9.397551,1623162596
0.250000,9.394018,1623162597
0.000000,9.392546,1623162598
0.000000,9.402016,1623162599
0.000000,9.405303,1623162600
1.260000,9.402114,1623162601
4.230000,9.392841,1623162602
1.750000,9.391123,1623162603
0.000000,9.389897,1623162604
0.000000,9.393135,1623162605
0.000000,9.396128,1623162606
0.000000,9.395441,1623162607
0.500000,9.400396,1623162608
0.000000,9.400004,1623162609
0.000000,9.396717,1623162610
0.000000,9.398875,1623162611
0.000000,9.398728,1623162612
0.000000,9.396324,1623162613
0.000000,9.401721,1623162614
0.250000,9.400298,1623162615
0.000000,9.407805,1623162616
0.250000,9.408001,1623162617
0.500000,9.402163,1623162618
0.750000,9.401819,1623162619
0.000000,9.398826,1623162620
0.000000,9.399906,1623162621
0.000000,9.393969,1623162622
0.250000,9.387149,1623162623
0.000000,9.401917,1623162624
0.000000,9.396569,1623162625
0.000000,9.397845,1623162626
0.250000,9.401231,1623162627
0.000000,9.401427,1623162628
0.000000,9.398630,1623162629
0.500000,9.400004,1623162630
0.000000,9.398090,1623162631
0.250000,9.397109,1623162632
0.000000,9.398630,1623162633
0.000000,9.396422,1623162634
0.250000,9.394950,1623162635
0.250000,9.401427,1623162636
0.250000,9.402801,1623162637
0.000000,9.402506,1623162638
0.000000,9.398336,1623162639
0.000000,9.401280,1623162640
0.000000,9.395981,1623162641
0.000000,9.393135,1623162642
0.000000,9.394950,1623162643
0.000000,9.396324,1623162644
0.000000,9.397845,1623162645
0.750000,9.398630,1623162646
0.250000,9.414281,1623162647
0.000000,9.407805,1623162648
0.000000,9.402408,1623162649
0.000000,9.402212,1623162650
0.000000,9.399857,1623162651
0.000000,9.398630,1623162652
0.000000,9.405303,1623162653
0.000000,9.409179,1623162654
0.250000,9.412270,1623162655
0.000000,9.408099,1623162656
0.500000,9.414281,1623162657
0.000000,9.402212,1623162658
0.500000,9.392154,1623162659
0.250000,9.395245,1623162660
0.000000,9.401525,1623162661
0.000000,9.400838,1623162662
64.900000,11.029203,1623162663
67.440000,11.160643,1623162664
51.640000,9.714010,1623162665
0.000000,9.710379,1623162666
0.250000,9.699928,1623162667
0.250000,9.701547,1623162668
0.000000,9.499799,1623162669
0.000000,9.492341,1623162670
0.000000,9.490182,1623162671
0.500000,9.489299,1623162672
0.000000,9.482823,1623162673
0.000000,9.484835,1623162674
2.760000,9.568291,1623162675
0.000000,9.572903,1623162676
0.000000,9.581686,1623162677
0.250000,9.582078,1623162678
0.500000,9.433514,1623162679
0.000000,9.426547,1623162680
0.500000,9.426302,1623162681
0.500000,9.417029,1623162682
0.000000,9.414576,1623162683
0.000000,9.414674,1623162685
0.000000,9.415459,1623162686
0.000000,9.417372,1623162687
0.000000,9.410749,1623162688
0.250000,9.411092,1623162689
0.000000,9.412270,1623162690
0.250000,9.416146,1623162691
0.250000,9.420611,1623162692
0.750000,9.410209,1623162693
0.750000,9.414085,1623162694
0.000000,9.406578,1623162695
0.000000,9.408050,1623162696
0.750000,9.412859,1623162697
2.500000,9.419629,1623162698
0.000000,9.416146,1623162699
0.000000,9.416636,1623162700
0.000000,9.415508,1623162701
0.000000,9.413300,1623162702
4.240000,9.417470,1623162703
3.240000,9.413987,1623162704
2.260000,9.418893,1623162705
0.000000,9.416244,1623162706
38.890000,11.096223,1623162707
77.080000,10.638854,1623162708
66.410000,9.720290,1623162709
0.500000,9.709741,1623162710
0.000000,9.704540,1623162711
0.250000,9.705914,1623162712
0.250000,9.505049,1623162713
0.000000,9.491360,1623162714
0.250000,9.493715,1623162715
0.000000,9.487140,1623162716
0.000000,9.482774,1623162717
0.000000,9.483510,1623162718
2.010000,9.532671,1623162719
0.000000,9.539982,1623162720
0.250000,9.546164,1623162721
0.000000,9.546998,1623162722
0.750000,9.441168,1623162723
0.000000,9.430521,1623162724
0.250000,9.422230,1623162725
0.000000,9.418305,1623162726
0.000000,9.418550,1623162727
0.000000,9.411779,1623162728
0.250000,9.411583,1623162729
1.000000,9.409228,1623162730
0.000000,9.408394,1623162731
0.000000,9.409473,1623162732
0.250000,9.421052,1623162733
0.740000,9.425321,1623162734
0.000000,9.428313,1623162735
0.000000,9.417863,1623162736
0.000000,9.425517,1623162737
0.000000,9.420561,1623162738
0.000000,9.420561,1623162739
0.750000,9.421494,1623162740
0.000000,9.417863,1623162741
0.250000,9.420954,1623162742
1.500000,9.420365,1623162743
0.000000,9.425124,1623162744
0.000000,9.428412,1623162745
0.000000,9.423456,1623162746
0.500000,9.423456,1623162747
0.250000,9.417569,1623162748
0.000000,9.423064,1623162749
0.250000,9.414870,1623162750
0.000000,9.417667,1623162751
0.000000,9.423358,1623162752
0.250000,9.420660,1623162753
0.250000,9.417176,1623162754
0.250000,9.424732,1623162755
0.000000,9.424732,1623162756
0.000000,9.414968,1623162757
0.500000,9.423554,1623162758
0.000000,9.422671,1623162759
0.000000,9.428951,1623162760
0.000000,9.424388,1623162761
0.000000,9.420169,1623162762
0.000000,9.418354,1623162763
0.250000,9.421641,1623162764
0.000000,9.427921,1623162765
0.000000,9.417176,1623162766
0.000000,9.420660,1623162767
0.000000,9.421346,1623162768
0.500000,9.423064,1623162769
0.000000,9.421837,1623162770
0.250000,9.421297,1623162771
0.000000,9.426351,1623162772
0.000000,9.432337,1623162773
0.250000,9.420561,1623162774
0.000000,9.424732,1623162775
0.000000,9.417961,1623162776
0.000000,9.423898,1623162777
0.250000,9.418550,1623162778
0.000000,9.411338,1623162779
0.000000,9.410700,1623162780
0.500000,9.411338,1623162781
0.000000,9.419875,1623162782
0.000000,9.421984,1623162783
0.000000,9.424143,1623162784
0.000000,9.423751,1623162785
0.000000,9.411092,1623162786
0.250000,9.416784,1623162787
0.000000,9.419776,1623162788
0.000000,9.418648,1623162789
0.250000,9.420169,1623162790
0.500000,9.425860,1623162791
0.250000,9.427528,1623162792
0.000000,9.420316,1623162793
0.500000,9.421346,1623162794
0.000000,9.423554,1623162795
0.000000,9.417618,1623162796
0.750000,9.411828,1623162797
2.270000,9.415263,1623162798
3.730000,9.416391,1623162799
0.750000,9.417667,1623162800
20.960000,10.445692,1623162801
75.440000,9.836276,1623162802
86.630000,9.721320,1623162803
0.000000,9.716806,1623162804
0.250000,9.714942,1623162805
0.000000,9.712587,1623162806
0.250000,9.706208,1623162807
0.000000,9.704786,1623162808
0.000000,9.507060,1623162809
0.250000,9.501025,1623162810
0.000000,9.496266,1623162811
0.000000,9.494598,1623162812
0.000000,9.490918,1623162813
2.020000,9.514861,1623162814
0.000000,9.525410,1623162815
0.000000,9.518296,1623162816
0.000000,9.443425,1623162817
0.250000,9.436703,1623162818
0.250000,9.430619,1623162819
0.000000,9.423554,1623162820
0.000000,9.427578,1623162821
0.000000,9.431601,1623162822
0.000000,9.434201,1623162823
0.000000,9.430227,1623162824
0.500000,9.425223,1623162825
0.500000,9.430227,1623162826
0.000000,9.422524,1623162827
0.000000,9.420856,1623162828
0.500000,9.427234,1623162829
0.000000,9.427725,1623162830
0.500000,9.429933,1623162831
1.000000,9.424045,1623162832
0.000000,9.433907,1623162833
0.000000,9.428951,1623162834
1.750000,9.423456,1623162835
0.000000,9.430767,1623162837
0.500000,9.423849,1623162838
0.000000,9.434201,1623162839
0.250000,9.430129,1623162840
0.000000,9.429736,1623162841
1.270000,9.430619,1623162842
3.480000,9.421690,1623162843
1.010000,9.423849,1623162844
2.010000,9.521975,1623162845
85.500000,9.995535,1623162846
75.690000,10.381566,1623162847
18.730000,9.714451,1623162848
0.000000,9.711360,1623162849
0.000000,9.704688,1623162850
0.250000,9.696592,1623162851
0.250000,9.517609,1623162852
0.000000,9.512457,1623162853
0.250000,9.512261,1623162854
0.000000,9.509219,1623162855
0.000000,9.500976,1623162856
0.000000,9.502448,1623162857
2.500000,9.522662,1623162858
0.000000,9.520994,1623162859
0.000000,9.519277,1623162860
0.250000,9.451717,1623162861
0.500000,9.445584,1623162862
0.000000,9.436949,1623162863
0.000000,9.439009,1623162864
0.000000,9.440727,1623162865
0.500000,9.437390,1623162866
0.000000,9.430767,1623162867
0.500000,9.434152,1623162868
0.000000,9.440628,1623162869
0.500000,9.442198,1623162870
0.000000,9.437292,1623162871
0.000000,9.435967,1623162872
0.250000,9.435575,1623162873
0.000000,9.440776,1623162874
0.000000,9.437292,1623162875
0.250000,9.423996,1623162876
0.000000,9.429982,1623162877
0.750000,9.430423,1623162878
0.250000,9.426596,1623162879
0.000000,9.430619,1623162880
1.500000,9.430178,1623162881
0.000000,9.430178,1623162882
0.750000,9.426891,1623162883
0.000000,9.421690,1623162884
2.250000,9.417029,1623162885
3.020000,9.416931,1623162886
1.510000,9.417716,1623162887
0.000000,9.410307,1623162888
66.170000,11.007026,1623162889
74.680000,11.603391,1623162890
39.340000,9.735401,1623162891
0.000000,9.728434,1623162892
0.250000,9.724018,1623162893
0.000000,9.722105,1623162894
0.500000,9.516971,1623162895
0.000000,9.512065,1623162896
0.000000,9.506619,1623162897
0.250000,9.506521,1623162898
0.000000,9.506471,1623162899
0.250000,9.506815,1623162900
2.760000,9.592627,1623162901
0.250000,9.594344,1623162902
0.000000,9.590713,1623162903
1.750000,9.456329,1623162904
0.250000,9.451962,1623162905
1.000000,9.441904,1623162906
0.000000,9.442591,1623162907
0.250000,9.435428,1623162908
0.000000,9.438224,1623162909
0.000000,9.434643,1623162910
0.000000,9.438126,1623162911
0.000000,9.432140,1623162912
0.250000,9.438470,1623162913
0.000000,9.442100,1623162914
0.000000,9.445142,1623162915
0.000000,9.441119,1623162916
0.000000,9.438862,1623162917
0.000000,9.432190,1623162918
0.000000,9.447399,1623162919
0.000000,9.444014,1623162920
0.000000,9.443719,1623162921
0.000000,9.441512,1623162922
0.000000,9.443327,1623162923
0.000000,9.439206,1623162924
0.000000,9.444112,1623162925
0.000000,9.438568,1623162926
0.250000,9.440923,1623162927
0.250000,9.441266,1623162928
0.000000,9.438715,1623162929
0.000000,9.431061,1623162930
0.250000,9.436900,1623162931
0.000000,9.437341,1623162932
0.000000,9.438077,1623162933
0.000000,9.432239,1623162934
0.000000,9.439009,1623162935
0.000000,9.440334,1623162936
0.000000,9.438519,1623162937
0.000000,9.440727,1623162938
0.500000,9.442002,1623162939
0.250000,9.444701,1623162940
0.250000,9.443327,1623162941
0.000000,9.437537,1623162942
0.000000,9.441021,1623162943
0.000000,9.445976,1623162944
0.000000,9.437979,1623162945
0.000000,9.428363,1623162946
0.000000,9.430963,1623162947
0.000000,9.433956,1623162948
0.750000,9.435231,1623162949
0.250000,9.435182,1623162950
0.000000,9.434986,1623162951
0.000000,9.440530,1623162952
0.000000,9.440776,1623162953
0.000000,9.437783,1623162954
0.000000,9.440432,1623162955
0.000000,9.436311,1623162956
0.000000,9.437586,1623162957
0.250000,9.437832,1623162958
0.000000,9.440334,1623162959
0.500000,9.442983,1623162960
0.250000,9.443229,1623162961
0.000000,9.441462,1623162962
0.000000,9.444063,1623162963
0.250000,9.446516,1623162964
0.000000,9.446418,1623162965
0.500000,9.443033,1623162966
0.000000,9.439304,1623162967
0.250000,9.436654,1623162968
0.250000,9.437047,1623162969
0.500000,9.431208,1623162970
0.250000,9.433858,1623162971
1.000000,9.439598,1623162972
4.200000,9.436900,1623162973
1.760000,9.430914,1623162974
0.000000,9.436507,1623162975
39.250000,11.233601,1623162977
77.440000,10.808908,1623162978
60.200000,9.739375,1623162979
0.250000,9.741976,1623162980
0.000000,9.746048,1623162981
1.000000,9.736971,1623162982
0.000000,9.530365,1623162983
0.000000,9.519817,1623162984
0.000000,9.516873,1623162985
0.000000,9.509710,1623162986
0.750000,9.500829,1623162987
0.000000,9.494549,1623162988
1.760000,9.556075,1623162989
0.000000,9.557546,1623162990
0.000000,9.559313,1623162991
0.250000,9.560392,1623162992
0.250000,9.464817,1623162993
0.000000,9.454366,1623162994
0.250000,9.448773,1623162995
0.000000,9.444995,1623162996
0.000000,9.447448,1623162997
0.000000,9.454072,1623162998
0.000000,9.453385,1623162999
0.000000,9.447350,1623163000
0.250000,9.449803,1623163001
0.250000,9.447252,1623163002
0.500000,9.447105,1623163003
0.000000,9.452109,1623163004
0.250000,9.453532,1623163005
0.000000,9.448184,1623163006
0.000000,9.443131,1623163007
0.250000,9.445976,1623163008
0.000000,9.444210,1623163009
0.000000,9.441021,1623163010
0.000000,9.444701,1623163011
0.500000,9.447595,1623163012
0.000000,9.446614,1623163013
0.000000,9.453777,1623163014
0.000000,9.443131,1623163015
0.000000,9.447105,1623163016
0.000000,9.443523,1623163017
0.000000,9.446320,1623163018
0.000000,9.447056,1623163019
0.250000,9.446909,1623163020
0.000000,9.449214,1623163021
0.250000,9.452796,1623163022
0.750000,9.442836,1623163023
0.250000,9.443327,1623163024
0.000000,9.444308,1623163025
0.250000,9.440089,1623163026
0.000000,9.446418,1623163027
0.500000,9.450098,1623163028
0.000000,9.448724,1623163029
0.000000,9.450490,1623163030
2.760000,9.444750,1623163031
3.000000,9.445338,1623163032
0.500000,9.445388,1623163033
16.250000,10.079532,1623163034
80.920000,9.858550,1623163035
86.430000,9.767243,1623163036
0.250000,9.741878,1623163037
0.000000,9.738492,1623163038
1.000000,9.743497,1623163039
0.500000,9.524183,1623163040
0.000000,9.527667,1623163041
0.250000,9.524085,1623163042
0.250000,9.521583,1623163043
0.000000,9.524380,1623163044
0.500000,9.521436,1623163045
3.000000,9.582176,1623163046
0.000000,9.589830,1623163047
0.000000,9.606904,1623163048
0.000000,9.611712,1623163049
0.750000,9.465602,1623163050
0.000000,9.460793,1623163051
0.500000,9.455495,1623163052
0.250000,9.450834,1623163053
0.250000,9.445633,1623163054
0.500000,9.446516,1623163055
0.000000,9.449509,1623163056
0.000000,9.445976,1623163057
0.000000,9.443278,1623163058
0.250000,9.444112,1623163059
0.750000,9.443719,1623163060
0.000000,9.439255,1623163061
0.250000,9.440530,1623163062
0.000000,9.438862,1623163063
0.000000,9.443916,1623163064
0.000000,9.439451,1623163065
0.250000,9.442738,1623163066
0.000000,9.441659,1623163067
0.500000,9.448528,1623163068
0.000000,9.451520,1623163069
0.000000,9.447448,1623163070
0.000000,9.449264,1623163071
0.250000,9.445240,1623163072
0.000000,9.445142,1623163073
2.260000,9.449705,1623163074
2.510000,9.452698,1623163075
1.250000,9.446124,1623163076
3.510000,9.572364,1623163077
87.240000,10.044157,1623163078
77.020000,10.104162,1623163079
16.200000,9.718916,1623163080
1.250000,9.709692,1623163081
1.500000,9.703608,1623163082
0.750000,9.541944,1623163083
0.000000,9.537332,1623163084
0.000000,9.536253,1623163085
0.000000,9.528893,1623163086
0.000000,9.527961,1623163087
0.000000,9.525361,1623163088
0.250000,9.527961,1623163089
2.500000,9.599790,1623163090
0.000000,9.609308,1623163091
0.000000,9.610290,1623163092
0.000000,9.615834,1623163093
0.500000,9.480419,1623163094
0.250000,9.476150,1623163095
0.250000,9.474973,1623163096
0.000000,9.472569,1623163097
0.000000,9.465749,1623163098
0.000000,9.462314,1623163099
0.500000,9.459959,1623163100
2.260000,9.461824,1623163101
0.250000,9.458733,1623163102
0.000000,9.464179,1623163103
0.000000,9.464964,1623163104
0.000000,9.466387,1623163105
0.000000,9.464768,1623163106
0.500000,9.471686,1623163107
0.250000,9.459125,1623163108
0.000000,9.466289,1623163109
0.250000,9.459223,1623163110
0.000000,9.458831,1623163111
0.250000,9.464277,1623163112
0.000000,9.458635,1623163113
0.000000,9.463443,1623163114
0.500000,9.465602,1623163115
0.000000,9.465111,1623163116
0.000000,9.468104,1623163117
0.000000,9.467074,1623163118
0.000000,9.461137,1623163119
0.500000,9.463198,1623163120
0.000000,9.459910,1623163121
0.000000,9.457850,1623163122
0.000000,9.456181,1623163123
0.000000,9.461333,1623163124
0.250000,9.462167,1623163125
0.000000,9.470802,1623163127
0.000000,9.464130,1623163128
0.000000,9.466877,1623163129
1.260000,9.463934,1623163130
2.740000,9.462118,1623163131
1.500000,9.460843,1623163132
0.000000,9.459322,1623163133
75.570000,10.167355,1623163134
77.390000,11.182477,1623163135
24.110000,9.759835,1623163136
0.250000,9.757970,1623163137
1.250000,9.754094,1623163138
0.000000,9.747912,1623163139
1.250000,9.550040,1623163140
0.000000,9.540571,1623163141
0.250000,9.536498,1623163142
0.250000,9.531298,1623163143
0.000000,9.534977,1623163144
0.000000,9.536793,1623163145
1.770000,9.595031,1623163146
0.750000,9.601605,1623163147
0.000000,9.604647,1623163148
0.500000,9.492685,1623163149
0.250000,9.485325,1623163150
0.000000,9.476788,1623163151
0.000000,9.466436,1623163152
0.000000,9.460303,1623163153
0.000000,9.465847,1623163154
0.250000,9.469134,1623163155
0.000000,9.463835,1623163156
0.250000,9.466534,1623163157
0.000000,9.470115,1623163158
0.250000,9.473599,1623163159
0.000000,9.473010,1623163160
0.000000,9.470901,1623163161
0.250000,9.463296,1623163162
0.000000,9.470459,1623163163
0.000000,9.469821,1623163164
0.250000,9.467172,1623163165
0.000000,9.473059,1623163166
0.000000,9.462609,1623163167
0.000000,9.465504,1623163168
0.000000,9.465896,1623163169
0.250000,9.472078,1623163170
0.000000,9.469723,1623163171
0.250000,9.474973,1623163172
0.000000,9.469576,1623163173
0.000000,9.472421,1623163174
0.250000,9.460597,1623163175
0.000000,9.465651,1623163176
0.000000,9.456231,1623163177
0.000000,9.455936,1623163178
0.000000,9.462314,1623163179
0.000000,9.468300,1623163180
0.250000,9.468595,1623163181
0.000000,9.472618,1623163182
0.000000,9.466926,1623163183
0.990000,9.458978,1623163184
0.000000,9.464424,1623163185
0.250000,9.466239,1623163186
0.000000,9.458831,1623163187
0.500000,9.459125,1623163188
0.000000,9.462020,1623163189
1.750000,9.459223,1623163190
3.240000,9.461628,1623163191
2.740000,9.462903,1623163192
0.000000,9.457016,1623163193
64.990000,11.082436,1623163194
73.550000,11.484118,1623163195
45.430000,9.775388,1623163196
1.500000,9.764839,1623163197
0.000000,9.758363,1623163198
0.000000,9.759050,1623163199
0.500000,9.561422,1623163200
0.500000,9.551806,1623163201
0.000000,9.547390,1623163202
0.500000,9.542484,1623163203
0.000000,9.542091,1623163204
0.250000,9.538265,1623163205
3.000000,9.603813,1623163206
0.500000,9.611026,1623163207
0.000000,9.623389,1623163208
0.250000,9.624567,1623163209
0.250000,9.498425,1623163210
0.000000,9.489643,1623163211
0.000000,9.488416,1623163212
0.000000,9.479487,1623163213
0.000000,9.472372,1623163214
0.750000,9.473795,1623163215
0.000000,9.467515,1623163216
0.250000,9.475562,1623163217
0.250000,9.483019,1623163218
0.000000,9.480860,1623163219
0.000000,9.476445,1623163220
0.250000,9.485227,1623163221
0.000000,9.482872,1623163222
0.000000,9.486012,1623163223
0.000000,9.480615,1623163224
0.250000,9.481940,1623163225
0.000000,9.476150,1623163226
0.500000,9.479928,1623163227
0.000000,9.485374,1623163228
0.000000,9.478554,1623163229
0.000000,9.472961,1623163230
0.250000,9.469772,1623163231
0.500000,9.476543,1623163232
0.760000,9.477868,1623163233
3.010000,9.481449,1623163234
1.520000,9.478309,1623163235
0.000000,9.481057,1623163236
51.630000,11.679292,1623163237
76.340000,11.282664,1623163238
52.280000,9.780196,1623163239
0.250000,9.772101,1623163240
1.000000,9.766998,1623163241
1.250000,9.757333,1623163242
0.750000,9.562796,1623163243
0.000000,9.554554,1623163244
0.000000,9.546900,1623163245
0.000000,9.542926,1623163246
0.250000,9.540374,1623163247
0.000000,9.534536,1623163248
2.020000,9.571873,1623163249
0.000000,9.581931,1623163250
0.250000,9.578644,1623163251
0.250000,9.580950,1623163252
0.500000,9.493470,1623163253
0.000000,9.492096,1623163255
0.000000,9.484000,1623163256
0.250000,9.485767,1623163257
0.000000,9.475316,1623163258
0.250000,9.478015,1623163259
0.000000,9.479290,1623163260
0.250000,9.482185,1623163261
0.000000,9.485227,1623163262
0.500000,9.472274,1623163263
0.000000,9.472814,1623163264
0.250000,9.478211,1623163265
0.000000,9.482479,1623163266
0.000000,9.477720,1623163267
0.000000,9.476199,1623163268
0.000000,9.475758,1623163269
0.250000,9.475905,1623163270
0.250000,9.474531,1623163271
0.250000,9.478554,1623163272
0.500000,9.475709,1623163273
0.250000,9.471931,1623163274
0.000000,9.468202,1623163275
0.250000,9.472961,1623163276
1.740000,9.472078,1623163277
3.000000,9.477769,1623163278
2.250000,9.481351,1623163279
0.000000,9.480272,1623163280
48.490000,11.542700,1623163281
76.520000,11.218342,1623163282
57.970000,9.779411,1623163283
0.250000,9.773082,1623163284
0.000000,9.776173,1623163285
0.000000,9.764986,1623163286
0.750000,9.569076,1623163287
0.500000,9.562796,1623163288
0.000000,9.554259,1623163289
0.000000,9.547488,1623163290
0.000000,9.553670,1623163291
0.000000,9.557841,1623163292
2.010000,9.564906,1623163293
0.250000,9.571137,1623163294
0.000000,9.572413,1623163295
0.250000,9.507649,1623163296
0.750000,9.496364,1623163297
0.000000,9.487582,1623163298
0.000000,9.487729,1623163299
0.000000,9.490084,1623163300
0.000000,9.483804,1623163301
0.250000,9.486699,1623163302
0.500000,9.486797,1623163303
0.000000,9.489888,1623163304
0.000000,9.487778,1623163305
0.250000,9.486405,1623163306
0.250000,9.484638,1623163307
0.000000,9.485276,1623163308
0.000000,9.477426,1623163309
0.000000,9.477426,1623163310
0.000000,9.468153,1623163311
0.000000,9.480811,1623163312
0.250000,9.486208,1623163313
0.250000,9.485227,1623163314
0.000000,9.489594,1623163315
0.250000,9.490428,1623163316
0.000000,9.491066,1623163317
0.500000,9.490575,1623163318
0.000000,9.484344,1623163319
0.000000,9.490575,1623163320
0.000000,9.486503,1623163321
0.000000,9.489692,1623163322
0.250000,9.484099,1623163323
0.250000,9.485669,1623163324
0.000000,9.479732,1623163325
0.000000,9.480223,1623163326
0.250000,9.486208,1623163327
0.000000,9.482921,1623163328
0.500000,9.489397,1623163329
0.000000,9.489937,1623163330
0.250000,9.484197,1623163331
0.000000,9.480909,1623163332
0.250000,9.486012,1623163333
0.250000,9.486110,1623163334
0.250000,9.491507,1623163335
0.000000,9.487484,1623163336
0.000000,9.485620,1623163337
2.510000,9.488907,1623163338
3.480000,9.486012,1623163339
0.750000,9.482725,1623163340
0.250000,9.483706,1623163341
76.200000,10.429795,1623163342
77.040000,11.870689,1623163343
30.150000,9.790303,1623163344
0.000000,9.780736,1623163345
0.000000,9.777056,1623163346
0.000000,9.777939,1623163347
1.000000,9.576730,1623163348
0.000000,9.565298,1623163349
0.000000,9.560736,1623163350
0.250000,9.557890,1623163351
0.000000,9.562747,1623163352
0.000000,9.554848,1623163353
2.510000,9.573198,1623163354
0.250000,9.564268,1623163355
0.250000,9.564268,1623163356
0.000000,9.566721,1623163357
0.000000,9.509857,1623163358
0.250000,9.503380,1623163359
0.000000,9.497248,1623163360
0.500000,9.494893,1623163361
0.000000,9.484884,1623163362
0.500000,9.488269,1623163363
0.000000,9.486012,1623163364
0.250000,9.488563,1623163365
0.500000,9.489054,1623163366
0.250000,9.495727,1623163367
0.000000,9.496021,1623163368
0.000000,9.494255,1623163369
0.250000,9.495727,1623163370
0.000000,9.498523,1623163371
0.250000,9.499112,1623163372
0.250000,9.497738,1623163373
0.000000,9.493568,1623163374
1.250000,9.494549,1623163375
0.000000,9.498818,1623163376
0.740000,9.501712,1623163377
0.000000,9.491458,1623163378
0.250000,9.493764,1623163379
0.000000,9.493960,1623163380
0.000000,9.502007,1623163381
0.000000,9.497934,1623163382
0.250000,9.497346,1623163383
0.000000,9.495285,1623163384
0.000000,9.503233,1623163385
0.000000,9.497444,1623163386
0.250000,9.499652,1623163387
0.000000,9.505000,1623163388
0.000000,9.502546,1623163389
0.000000,9.497248,1623163390
0.500000,9.498621,1623163391
0.000000,9.504411,1623163392
0.250000,9.495334,1623163394
0.000000,9.501810,1623163395
0.000000,9.498523,1623163396
0.000000,9.501516,1623163397
0.000000,9.490330,1623163398
0.500000,9.497591,1623163399
0.000000,9.498327,1623163400
0.000000,9.498965,1623163401
0.000000,9.499652,1623163402
0.000000,9.500535,1623163403
1.000000,9.499063,1623163404
0.000000,9.501860,1623163405
0.250000,9.494598,1623163406
0.000000,9.501467,1623163407
0.000000,9.494206,1623163408
0.250000,9.494500,1623163409
0.000000,9.500976,1623163410
0.250000,9.501369,1623163411
0.000000,9.503184,1623163412
0.000000,9.494647,1623163413
0.250000,9.488809,1623163414
0.250000,9.493421,1623163415
0.000000,9.491360,1623163416
0.500000,9.495678,1623163417
3.000000,9.501860,1623163418
2.270000,9.500682,1623163419
0.500000,9.499701,1623163420
0.500000,9.498474,1623163421
0.000000,9.497198,1623163422
0.000000,9.501025,1623163423
0.000000,9.493813,1623163424
0.000000,9.493617,1623163425
0.000000,9.495383,1623163426
0.000000,9.497198,1623163427
0.500000,9.498082,1623163428
0.250000,9.495138,1623163429
0.000000,9.497051,1623163430
0.000000,9.490575,1623163431
0.000000,9.491115,1623163432
0.000000,9.498867,1623163433
0.250000,9.494745,1623163434
0.000000,9.499652,1623163435
0.000000,9.499652,1623163436
0.250000,9.484393,1623163437
0.000000,9.485227,1623163438
0.000000,9.488269,1623163439
0.500000,9.496463,1623163440
0.000000,9.498229,1623163441
0.000000,9.503184,1623163442
0.740000,9.510298,1623163443
0.000000,9.510249,1623163444
0.000000,9.493224,1623163445
0.000000,9.495776,1623163446
0.250000,9.493813,1623163447
0.000000,9.493617,1623163448
0.250000,9.496806,1623163449
0.000000,9.491262,1623163450
0.000000,9.493126,1623163451
0.000000,9.498769,1623163452
0.000000,9.502301,1623163453
0.500000,9.502645,1623163454
0.000000,9.499357,1623163455
0.000000,9.499308,1623163456
0.000000,9.502694,1623163457
0.250000,9.500339,1623163458
0.000000,9.489839,1623163459
0.500000,9.496953,1623163460
0.000000,9.492930,1623163461
0.000000,9.494794,1623163462
0.250000,9.483853,1623163463
0.000000,9.487778,1623163464
0.500000,9.496512,1623163465
0.000000,9.496757,1623163466
0.250000,9.506471,1623163467
0.250000,9.513831,1623163468
0.000000,9.508679,1623163469
0.750000,9.508189,1623163470
0.250000,9.507355,1623163471
0.250000,9.510053,1623163472
0.000000,9.513193,1623163473
15.960000,10.030665,1623163474
83.500000,9.817680,1623163475
86.840000,9.982632,1623163476
3.270000,9.765379,1623163477
0.000000,9.753555,1623163478
0.000000,9.749482,1623163479
0.750000,9.582176,1623163480
0.000000,9.580263,1623163481
0.000000,9.572413,1623163482
0.000000,9.564563,1623163483
0.500000,9.562453,1623163484
0.000000,9.560785,1623163485
0.000000,9.564072,1623163486
3.230000,9.573835,1623163487
0.000000,9.579821,1623163488
0.000000,9.582618,1623163489
0.000000,9.519277,1623163490
0.000000,9.515352,1623163491
0.250000,9.508336,1623163492
0.000000,9.504264,1623163493
0.000000,9.509562,1623163494
0.500000,9.503969,1623163495
0.000000,9.510102,1623163496
0.000000,9.514616,1623163497
0.000000,9.519130,1623163498
0.000000,9.506471,1623163499
0.000000,9.497198,1623163500
0.250000,9.515646,1623163501
0.000000,9.513438,1623163502
0.500000,9.503479,1623163503
0.000000,9.504411,1623163504
0.000000,9.506373,1623163505
0.500000,9.504116,1623163506
0.000000,9.507551,1623163507
1.510000,9.505196,1623163508
0.000000,9.506815,1623163509
0.250000,9.501761,1623163510
0.000000,9.500437,1623163511
0.000000,9.498131,1623163512
0.500000,9.502497,1623163513
2.010000,9.491900,1623163514
3.000000,9.497738,1623163515
2.000000,9.505637,1623163516
0.000000,9.504607,1623163517
77.890000,10.195027,1623163518
76.140000,11.120313,1623163519
29.550000,9.798840,1623163520
0.000000,9.795357,1623163521
0.250000,9.781079,1623163522
0.000000,9.780196,1623163523
0.750000,9.590075,1623163524
0.000000,9.583354,1623163525
0.000000,9.576240,1623163526
0.000000,9.578742,1623163527
0.250000,9.572756,1623163528
0.250000,9.567016,1623163529
2.270000,9.622997,1623163530
0.000000,9.629768,1623163531
0.000000,9.630602,1623163532
0.250000,9.633202,1623163533
0.750000,9.528550,1623163534
0.500000,9.520651,1623163535
0.000000,9.518001,1623163536
0.000000,9.513586,1623163538
0.000000,9.510642,1623163539
0.000000,9.510789,1623163540
0.000000,9.513488,1623163541
0.250000,9.513291,1623163542
0.250000,9.511623,1623163543
0.500000,9.519081,1623163544
0.250000,9.509072,1623163545
0.000000,9.511967,1623163546
0.000000,9.508483,1623163547
0.000000,9.507207,1623163548
0.000000,9.505147,1623163549
1.000000,9.511721,1623163550
0.000000,9.518050,1623163551
0.000000,9.514027,1623163552
0.250000,9.511034,1623163553
0.000000,9.506815,1623163554
0.500000,9.504313,1623163555
0.250000,9.505686,1623163556
0.000000,9.507796,1623163557
0.000000,9.509170,1623163558
0.000000,9.510397,1623163559
0.250000,9.514861,1623163560
1.250000,9.512899,1623163561
3.260000,9.512114,1623163562
2.750000,9.514223,1623163563
0.000000,9.514665,1623163564
39.200000,11.230804,1623163565
76.650000,10.790853,1623163566
62.880000,9.820722,1623163567
0.500000,9.813952,1623163568
0.250000,9.806298,1623163569
0.250000,9.802765,1623163570
0.250000,9.601017,1623163571
0.000000,9.592627,1623163572
0.500000,9.587819,1623163573
0.000000,9.581931,1623163574
0.000000,9.581735,1623163575
0.000000,9.574964,1623163576
3.230000,9.645861,1623163577
0.000000,9.652435,1623163578
0.000000,9.655330,1623163579
0.000000,9.535272,1623163580
0.000000,9.529678,1623163581
0.250000,9.531494,1623163582
0.000000,9.523742,1623163583
0.250000,9.526735,1623163584
0.000000,9.530120,1623163585
0.000000,9.523546,1623163586
0.000000,9.521730,1623163587
0.000000,9.523398,1623163588
0.000000,9.521730,1623163589
0.000000,9.517560,1623163590
0.250000,9.515450,1623163591
0.000000,9.512310,1623163592
0.000000,9.520062,1623163593
0.250000,9.523251,1623163594
0.500000,9.521534,1623163595
1.750000,9.525017,1623163596
0.000000,9.518394,1623163597
0.250000,9.516922,1623163598
0.250000,9.517658,1623163599
0.000000,9.521632,1623163600
0.000000,9.513488,1623163601
0.000000,9.512016,1623163602
0.000000,9.517265,1623163603
0.250000,9.518149,1623163604
0.000000,9.520455,1623163605
0.000000,9.518099,1623163606
3.000000,9.518247,1623163607
3.000000,9.521730,1623163608
0.750000,9.517364,1623163609
9.000000,9.891864,1623163610
86.470000,9.883033,1623163611
83.590000,9.910165,1623163612
1.260000,9.811400,1623163613
0.000000,9.802324,1623163614
0.000000,9.798840,1623163615
0.500000,9.593166,1623163616
0.000000,9.591106,1623163617
0.000000,9.595914,1623163618
0.500000,9.598514,1623163619
0.500000,9.596208,1623163620
0.750000,9.592136,1623163621
0.500000,9.593363,1623163622
1.270000,9.637912,1623163623
0.500000,9.649687,1623163624
0.500000,9.651061,1623163625
0.500000,9.539785,1623163626
0.000000,9.536989,1623163627
0.000000,9.534143,1623163628
0.000000,9.535124,1623163629
0.000000,9.532524,1623163630
0.000000,9.521681,1623163631
0.250000,9.527569,1623163632
0.500000,9.528599,1623163633
0.750000,9.530120,1623163634
0.000000,9.532328,1623163635
0.000000,9.527765,1623163636
0.000000,9.529433,1623163637
0.000000,9.529237,1623163638
0.000000,9.527274,1623163639
0.000000,9.529139,1623163640
0.000000,9.531150,1623163641
0.250000,9.527372,1623163642
0.000000,9.528746,1623163643
0.250000,9.531739,1623163644
0.250000,9.533407,1623163645
0.250000,9.529482,1623163646
0.000000,9.523693,1623163647
0.000000,9.517903,1623163648
0.000000,9.512801,1623163649
0.000000,9.513880,1623163650
0.000000,9.514174,1623163651
0.250000,9.515303,1623163652
0.000000,9.518983,1623163653
0.250000,9.519277,1623163654
0.000000,9.527127,1623163655
0.250000,9.532033,1623163656
0.000000,9.523987,1623163657
0.000000,9.524919,1623163658
0.500000,9.515107,1623163659
0.000000,9.517854,1623163660
0.250000,9.516971,1623163661
0.000000,9.522123,1623163662
0.000000,9.521289,1623163663
0.750000,9.523889,1623163664
0.000000,9.523938,1623163665
0.000000,9.512359,1623163666
0.000000,9.514027,1623163667
0.000000,9.518001,1623163668
0.250000,9.515499,1623163669
0.000000,9.526146,1623163670
2.270000,9.525066,1623163671
3.020000,9.526587,1623163672
0.500000,9.526048,1623163673
17.090000,10.201896,1623163674
80.810000,9.893091,1623163676
87.220000,9.823961,1623163677
0.000000,9.814589,1623163678
0.000000,9.811891,1623163679
0.250000,9.812480,1623163680
0.500000,9.620151,1623163681
0.250000,9.610976,1623163682
0.000000,9.605874,1623163683
0.000000,9.604696,1623163684
0.000000,9.598465,1623163685
0.000000,9.600330,1623163686
2.750000,9.655232,1623163687
0.000000,9.652043,1623163688
0.000000,9.655968,1623163689
0.000000,9.655134,1623163690
0.000000,9.549843,1623163691
0.000000,9.545035,1623163692
0.000000,9.539589,1623163693
0.000000,9.539197,1623163694
0.250000,9.532524,1623163695
0.250000,9.534879,1623163696
0.000000,9.536891,1623163697
0.000000,9.531690,1623163698
0.000000,9.526048,1623163699
0.000000,9.527422,1623163700
0.000000,9.531592,1623163701
0.000000,9.526146,1623163702
0.000000,9.528795,1623163703
0.000000,9.524870,1623163704
0.500000,9.524919,1623163705
1.500000,9.531101,1623163706
0.000000,9.531886,1623163707
0.250000,9.530120,1623163708
0.000000,9.534683,1623163709
1.250000,9.527422,1623163710
0.000000,9.527422,1623163711
0.000000,9.530513,1623163712
0.000000,9.528305,1623163713
0.000000,9.517952,1623163714
0.250000,9.527323,1623163715
0.000000,9.526931,1623163716
0.250000,9.523840,1623163717
0.000000,9.523840,1623163718
0.000000,9.525508,1623163719
0.000000,9.522319,1623163720
0.250000,9.527422,1623163721
0.000000,9.530807,1623163722
0.000000,9.524478,1623163723
0.000000,9.521043,1623163724
0.500000,9.530316,1623163725
0.500000,9.530562,1623163726
0.000000,9.534192,1623163727
0.000000,9.533800,1623163728
0.000000,9.532033,1623163729
0.000000,9.525851,1623163730
0.500000,9.536106,1623163731
1.490000,9.527127,1623163732
2.020000,9.525017,1623163733
2.250000,9.517069,1623163734
0.500000,9.520258,1623163735
0.000000,9.520945,1623163736
0.000000,9.513291,1623163737
0.000000,9.515744,1623163738
0.000000,9.519670,1623163739
0.000000,9.522270,1623163740
0.000000,9.523398,1623163741
0.000000,9.527422,1623163742
0.000000,9.531837,1623163743
0.000000,9.530758,1623163744
0.250000,9.519179,1623163745
0.000000,9.522957,1623163746
0.250000,9.523693,1623163747
0.000000,9.523742,1623163748
0.000000,9.525361,1623163749
0.000000,9.523644,1623163750
0.000000,9.525753,1623163751
0.000000,9.528452,1623163752
0.000000,9.530120,1623163753
0.250000,9.527961,1623163754
0.000000,9.533015,1623163755
0.250000,9.532917,1623163756
0.000000,9.528256,1623163757
0.000000,9.525950,1623163758
0.000000,9.532818,1623163759
0.000000,9.528157,1623163760
0.250000,9.533211,1623163761
0.000000,9.528942,1623163762
0.250000,9.531347,1623163763
0.000000,9.537430,1623163764
0.750000,9.532083,1623163765
0.250000,9.534732,1623163766
0.000000,9.534438,1623163767
0.000000,9.525459,1623163768
0.500000,9.525557,1623163769
0.000000,9.522172,1623163770
0.000000,9.520847,1623163771
0.000000,9.518983,1623163772
0.250000,9.522368,1623163773
0.500000,9.523153,1623163774
0.000000,9.518590,1623163775
0.250000,9.514812,1623163776
0.000000,9.518590,1623163777
0.250000,9.526244,1623163778
0.000000,9.524527,1623163779
0.250000,9.516186,1623163780
0.250000,9.519866,1623163781
0.000000,9.518983,1623163782
0.000000,9.516333,1623163783
0.000000,9.514763,1623163784
0.000000,9.513389,1623163785
0.000000,9.513782,1623163786
0.000000,9.518345,1623163787
0.250000,9.523153,1623163788
0.250000,9.525165,1623163789
0.750000,9.533505,1623163790
0.000000,9.530513,1623163791
0.000000,9.527765,1623163792
0.000000,9.530414,1623163793
0.000000,9.532524,1623163794
0.000000,9.533358,1623163795
0.500000,9.536106,1623163796
0.250000,9.534781,1623163797
0.250000,9.535664,1623163798
2.510000,9.627462,1623163799
87.660000,10.056619,1623163800
72.120000,10.651120,1623163801
21.770000,9.796093,1623163802
0.000000,9.792020,1623163803
0.250000,9.783974,1623163804
1.000000,9.619906,1623163805
0.000000,9.616275,1623163806
0.500000,9.612792,1623163807
1.260000,9.612596,1623163808
0.250000,9.609308,1623163809
0.000000,9.607935,1623163810
0.750000,9.607935,1623163811
2.510000,9.692618,1623163812
0.000000,9.693894,1623163813
0.000000,9.700566,1623163814
0.000000,9.702480,1623163815
0.500000,9.559852,1623163816
0.500000,9.548421,1623163817
0.000000,9.550187,1623163818
0.000000,9.553474,1623163819
0.000000,9.553082,1623163820
0.000000,9.543612,1623163821
0.000000,9.549009,1623163822
0.000000,9.545575,1623163823
0.250000,9.546654,1623163824
0.000000,9.543563,1623163825
0.000000,9.545035,1623163826
0.000000,9.545281,1623163827
0.250000,9.548764,1623163828
0.000000,9.542386,1623163829
0.000000,9.548960,1623163830
0.250000,9.549843,1623163831
0.000000,9.544054,1623163832
1.000000,9.543171,1623163833
0.000000,9.543171,1623163834
0.250000,9.545967,1623163835
0.250000,9.549157,1623163836
0.000000,9.549942,1623163837
1.500000,9.557301,1623163838
1.010000,9.546851,1623163839
2.760000,9.539540,1623163840
1.750000,9.540963,1623163841
0.250000,9.540080,1623163842
73.930000,10.461637,1623163844
59.850000,11.660992,1623163845
42.090000,9.835294,1623163846
0.250000,9.827640,1623163847
0.000000,9.827297,1623163848
0.000000,9.821998,1623163849
0.250000,9.624273,1623163850
0.000000,9.613381,1623163851
0.000000,9.608376,1623163852
0.000000,9.615098,1623163853
0.500000,9.609357,1623163854
0.000000,9.608670,1623163855
2.760000,9.683885,1623163856
0.250000,9.693403,1623163857
0.000000,9.694482,1623163858
0.250000,9.690803,1623163859
0.250000,9.564808,1623163860
0.000000,9.550187,1623163861
0.000000,9.544005,1623163862
0.000000,9.544937,1623163863
0.000000,9.540276,1623163864
0.250000,9.549647,1623163865
0.000000,9.547734,1623163866
0.250000,9.540914,1623163867
0.000000,9.541454,1623163868
0.500000,9.538019,1623163869
0.500000,9.543563,1623163870
0.000000,9.540718,1623163871
0.000000,9.538461,1623163872
0.000000,9.543073,1623163873
0.000000,9.540914,1623163874
0.750000,9.541159,1623163875
0.000000,9.541993,1623163876
0.250000,9.544250,1623163877
0.000000,9.543073,1623163878
1.490000,9.542484,1623163879
0.000000,9.537234,1623163880
0.000000,9.536351,1623163881
0.000000,9.549549,1623163882
1.510000,9.546851,1623163883
2.540000,9.543563,1623163884
2.250000,9.540669,1623163885
0.250000,9.545330,1623163886
67.090000,10.862044,1623163887
76.960000,11.555309,1623163888
34.340000,9.850111,1623163889
0.000000,9.838140,1623163890
0.000000,9.835736,1623163891
0.000000,9.828622,1623163892
0.750000,9.641690,1623163893
0.250000,9.634576,1623163894
0.250000,9.630602,1623163895
0.000000,9.625058,1623163896
0.000000,9.624273,1623163897
0.000000,9.617600,1623163898
1.770000,9.685455,1623163899
0.000000,9.684964,1623163900
0.000000,9.689821,1623163901
0.250000,9.577319,1623163902
0.000000,9.569224,1623163903
0.250000,9.563581,1623163904
0.000000,9.559803,1623163905
0.250000,9.566329,1623163906
0.250000,9.565838,1623163907
0.000000,9.564219,1623163908
0.250000,9.561226,1623163909
0.000000,9.561128,1623163910
0.250000,9.559754,1623163911
0.000000,9.557399,1623163912
0.000000,9.554701,1623163913
0.250000,9.547488,1623163914
0.000000,9.545477,1623163915
0.250000,9.544103,1623163916
0.250000,9.549058,1623163917
0.250000,9.551659,1623163918
0.250000,9.554554,1623163919
0.000000,9.543907,1623163920
0.750000,9.553867,1623163921
0.000000,9.555044,1623163922
0.000000,9.550727,1623163923
1.750000,9.544152,1623163924
0.250000,9.548273,1623163925
0.250000,9.547832,1623163926
0.000000,9.550923,1623163927
0.250000,9.551904,1623163928
0.750000,9.556712,1623163929
0.250000,9.547243,1623163930
0.250000,9.551315,1623163931
0.000000,9.556614,1623163932
0.250000,9.557350,1623163933
0.500000,9.561030,1623163934
0.000000,9.560490,1623163935
0.750000,9.559705,1623163936
0.000000,9.552984,1623163937
0.000000,9.556614,1623163938
0.000000,9.553916,1623163939
1.750000,9.559509,1623163940
2.760000,9.562404,1623163941
2.750000,9.559852,1623163942
0.000000,9.568095,1623163943
54.640000,11.178601,1623163944
75.060000,11.392517,1623163945
51.150000,9.851632,1623163946
0.000000,9.836864,1623163947
0.000000,9.839219,1623163948
0.250000,9.832939,1623163949
0.500000,9.640807,1623163950
0.250000,9.635557,1623163951
0.000000,9.634821,1623163952
0.000000,9.634134,1623163953
0.000000,9.635018,1623163954
0.250000,9.632025,1623163955
2.510000,9.704050,1623163956
0.000000,9.711802,1623163957
0.000000,9.721565,1623163958
0.000000,9.715825,1623163959
1.240000,9.582274,1623163960
0.250000,9.568929,1623163961
0.000000,9.573050,1623163962
0.000000,9.561373,1623163963
0.250000,9.555191,1623163964
0.250000,9.557154,1623163965
0.000000,9.561030,1623163966
0.000000,9.558724,1623163967
0.000000,9.548224,1623163968
0.250000,9.550874,1623163969
0.000000,9.545182,1623163970
0.000000,9.542091,1623163971
0.000000,9.547587,1623163973
0.000000,9.547783,1623163974
0.250000,9.554554,1623163975
0.000000,9.560343,1623163976
0.000000,9.561324,1623163977
2.010000,9.566672,1623163978
0.000000,9.565495,1623163979
1.990000,9.561913,1623163980
0.000000,9.565102,1623163981
0.000000,9.565495,1623163982
0.000000,9.561913,1623163983
0.000000,9.566819,1623163984
0.250000,9.571088,1623163985
0.000000,9.569665,1623163986
0.500000,9.567997,1623163987
0.250000,9.569027,1623163988
0.000000,9.568095,1623163989
0.000000,9.563532,1623163990
0.000000,9.563532,1623163991
0.000000,9.560049,1623163992
0.250000,9.554259,1623163993
0.000000,9.563925,1623163994
0.000000,9.567801,1623163995
0.000000,9.561864,1623163996
0.000000,9.565200,1623163997
0.000000,9.564906,1623163998
0.000000,9.565102,1623163999
0.000000,9.564808,1623164000
0.000000,9.566280,1623164001
0.250000,9.565887,1623164002
0.250000,9.558822,1623164003
0.250000,9.555927,1623164004
0.250000,9.560539,1623164005
0.000000,9.560147,1623164006
0.000000,9.557546,1623164007
0.500000,9.560147,1623164008
0.000000,9.563238,1623164009
0.000000,9.560343,1623164010
0.000000,9.564808,1623164011
0.250000,9.561521,1623164012
0.000000,9.570597,1623164013
0.000000,9.558822,1623164014
0.250000,9.566133,1623164015
0.000000,9.569224,1623164016
0.000000,9.563434,1623164017
0.000000,9.566525,1623164018
0.000000,9.570450,1623164019
0.000000,9.556909,1623164020
0.250000,9.560686,1623164021
0.000000,9.560196,1623164022
0.000000,9.560196,1623164023
0.250000,9.561472,1623164024
0.250000,9.565495,1623164025
0.250000,9.562796,1623164026
0.000000,9.565691,1623164027
0.500000,9.559313,1623164028
0.250000,9.562306,1623164029
0.000000,9.551315,1623164030
0.000000,9.559116,1623164031
1.750000,9.560294,1623164032
2.270000,9.562306,1623164033
1.500000,9.557546,1623164034
0.250000,9.557988,1623164035
74.490000,10.409336,1623164036
77.250000,11.439814,1623164037
27.850000,9.863064,1623164038
1.250000,9.848983,1623164039
1.000000,9.848443,1623164040
0.250000,9.843488,1623164041
0.750000,9.650325,1623164042
0.250000,9.641985,1623164043
0.000000,9.635852,1623164044
0.500000,9.632270,1623164045
0.000000,9.630504,1623164046
0.000000,9.628639,1623164047
2.260000,9.692520,1623164048
0.000000,9.696788,1623164049
0.250000,9.701008,1623164050
0.250000,9.582520,1623164051
0.000000,9.575896,1623164052
0.000000,9.569322,1623164053
0.000000,9.561717,1623164054
0.000000,9.558086,1623164055
0.500000,9.557645,1623164056
0.000000,9.568095,1623164057
0.250000,9.566133,1623164058
0.000000,9.569076,1623164059
0.250000,9.564415,1623164060
0.000000,9.567604,1623164061
0.000000,9.566623,1623164062
0.500000,9.567997,1623164063
0.250000,9.567016,1623164064
0.250000,9.563777,1623164065
0.250000,9.562502,1623164066
0.000000,9.555044,1623164067
0.000000,9.564317,1623164068
0.000000,9.565887,1623164069
0.250000,9.556958,1623164070
0.000000,9.557645,1623164071
0.000000,9.556516,1623164072
0.000000,9.569224,1623164073
0.000000,9.569027,1623164074
0.000000,9.564072,1623164075
0.250000,9.563336,1623164076
0.000000,9.566525,1623164077
0.000000,9.566034,1623164078
0.000000,9.560981,1623164079
1.000000,9.557154,1623164080
0.000000,9.559656,1623164081
0.250000,9.562551,1623164082
0.000000,9.560392,1623164083
0.000000,9.559607,1623164084
0.250000,9.566133,1623164085
0.000000,9.570352,1623164086
0.000000,9.565740,1623164087
0.000000,9.566574,1623164088
0.000000,9.570107,1623164089
0.250000,9.566378,1623164090
0.000000,9.565642,1623164091
0.250000,9.563238,1623164092
0.000000,9.561324,1623164093
0.000000,9.562551,1623164094
0.000000,9.563728,1623164095
0.250000,9.565004,1623164096
0.000000,9.562747,1623164097
0.000000,9.568733,1623164098
0.000000,9.563189,1623164099
1.000000,9.559067,1623164100
0.500000,9.563827,1623164101
0.250000,9.565348,1623164102
0.000000,9.566623,1623164103
0.000000,9.563287,1623164104
0.000000,9.565544,1623164105
0.250000,9.562551,1623164106
0.000000,9.560049,1623164107
0.000000,9.562306,1623164108
0.250000,9.568684,1623164109
0.250000,9.562502,1623164110
0.000000,9.566378,1623164111
0.250000,9.570156,1623164112
0.000000,9.562158,1623164113
0.500000,9.556369,1623164114
0.000000,9.559264,1623164115
0.000000,9.560539,1623164116
0.740000,9.565544,1623164117
0.000000,9.565348,1623164118
0.000000,9.569322,1623164119
1.010000,9.565985,1623164120
3.720000,9.569224,1623164121
2.010000,9.564857,1623164122
0.000000,9.565887,1623164123
46.750000,11.556192,1623164125
74.110000,11.108047,1623164126
55.080000,9.872730,1623164127
0.250000,9.857912,1623164128
0.000000,9.857520,1623164129
0.250000,9.860562,1623164130
0.500000,9.657979,1623164131
1.260000,9.655477,1623164132
0.000000,9.647725,1623164133
0.250000,9.636784,1623164134
0.000000,9.647136,1623164135
2.010000,9.637274,1623164136
3.020000,9.721075,1623164137
0.000000,9.733341,1623164138
0.500000,9.741828,1623164139
0.250000,9.599398,1623164140
0.000000,9.591989,1623164141
0.250000,9.591989,1623164142
0.250000,9.588407,1623164143
0.000000,9.588800,1623164144
0.250000,9.586347,1623164145
0.250000,9.585709,1623164146
0.000000,9.573247,1623164147
0.000000,9.574915,1623164148
0.000000,9.580067,1623164149
0.000000,9.579429,1623164150
0.000000,9.579576,1623164151
0.250000,9.570499,1623164152
0.000000,9.566034,1623164153
0.000000,9.569763,1623164154
0.500000,9.575847,1623164155
0.500000,9.574179,1623164156
0.000000,9.578840,1623164157
0.250000,9.582863,1623164158
0.000000,9.586837,1623164159
0.000000,9.585022,1623164160
0.000000,9.572020,1623164161
0.000000,9.569224,1623164162
0.000000,9.571480,1623164163
0.000000,9.571431,1623164164
0.000000,9.572364,1623164165
0.000000,9.569567,1623164166
0.250000,9.576289,1623164167
0.750000,9.577761,1623164168
0.000000,9.578546,1623164169
0.000000,9.581342,1623164170
0.000000,9.578987,1623164171
0.000000,9.575798,1623164172
0.000000,9.577761,1623164173
0.000000,9.577859,1623164174
0.000000,9.578153,1623164175
0.000000,9.575945,1623164176
0.000000,9.580263,1623164177
0.250000,9.574670,1623164178
0.000000,9.579331,1623164179
0.000000,9.572805,1623164180
0.000000,9.574571,1623164181
0.000000,9.574473,1623164182
0.250000,9.576141,1623164183
0.000000,9.574277,1623164184
0.500000,9.575847,1623164185
0.000000,9.568193,1623164186
0.000000,9.571824,1623164187
0.000000,9.574571,1623164188
0.250000,9.577859,1623164189
0.000000,9.574473,1623164190
0.000000,9.575455,1623164191
0.000000,9.577221,1623164192
0.000000,9.574277,1623164193
0.250000,9.578644,1623164194
0.000000,9.577613,1623164195
0.000000,9.577466,1623164196
0.250000,9.574473,1623164197
0.000000,9.579232,1623164198
0.000000,9.565985,1623164199
0.000000,9.577761,1623164200
0.000000,9.585316,1623164201
0.000000,9.587328,1623164202
0.000000,9.579870,1623164203
0.000000,9.577662,1623164204
0.000000,9.574473,1623164205
0.000000,9.577564,1623164206
0.000000,9.580263,1623164207
0.500000,9.584924,1623164208
0.000000,9.584924,1623164209
0.000000,9.577564,1623164210
0.250000,9.578840,1623164211
0.000000,9.577711,1623164212
0.250000,9.582127,1623164213
0.250000,9.582912,1623164214
0.000000,9.578546,1623164215
0.250000,9.578546,1623164216
0.000000,9.582029,1623164217
0.500000,9.581538,1623164218
0.250000,9.573885,1623164219
0.000000,9.574081,1623164220
0.000000,9.574817,1623164221
0.000000,9.577368,1623164222
0.000000,9.577761,1623164223
0.000000,9.581048,1623164224
0.250000,9.576730,1623164225
0.000000,9.578153,1623164226
0.000000,9.584139,1623164227
0.250000,9.585954,1623164228
0.000000,9.581146,1623164229
0.000000,9.576926,1623164230
0.500000,9.587524,1623164231
0.000000,9.581342,1623164232
0.000000,9.573394,1623164233
0.000000,9.576681,1623164234
0.000000,9.577761,1623164235
0.000000,9.587034,1623164236
0.000000,9.579870,1623164237
0.250000,9.573885,1623164238
0.250000,9.580263,1623164239
0.500000,9.583108,1623164240
0.000000,9.581146,1623164241
0.500000,9.577221,1623164242
0.000000,9.577662,1623164243
0.000000,9.579282,1623164244
0.250000,9.584335,1623164245
0.250000,9.582520,1623164246
0.000000,9.580753,1623164247
0.250000,9.579282,1623164248
0.250000,9.571726,1623164249
0.250000,9.576240,1623164250
0.000000,9.570254,1623164251
0.500000,9.576338,1623164252
0.000000,9.568488,1623164253
0.000000,9.571628,1623164254
0.000000,9.573050,1623164255
0.000000,9.576141,1623164256
0.000000,9.573786,1623164257
0.000000,9.564710,1623164258
0.000000,9.563777,1623164259
0.000000,9.572952,1623164260
0.000000,9.579478,1623164261
0.500000,9.586641,1623164262
0.000000,9.580165,1623164263
0.000000,9.582127,1623164264
0.500000,9.582127,1623164265
0.000000,9.584188,1623164266
0.000000,9.588064,1623164267
0.500000,9.580017,1623164268
0.250000,9.578889,1623164269
0.000000,9.577270,1623164270
0.250000,9.576926,1623164271
0.000000,9.577074,1623164272
0.500000,9.577074,1623164273
0.000000,9.577074,1623164274
0.000000,9.580017,1623164275
0.000000,9.582961,1623164276
0.000000,9.584826,1623164277
0.000000,9.571284,1623164278
0.250000,9.577859,1623164279
0.000000,9.576877,1623164281
0.250000,9.570156,1623164282
0.500000,9.577025,1623164283
0.500000,9.576240,1623164284
0.000000,9.578497,1623164285
0.250000,9.582569,1623164286
0.000000,9.579772,1623164287
0.000000,9.585856,1623164288
0.000000,9.581882,1623164289
0.250000,9.586347,1623164290
0.000000,9.582863,1623164291
0.000000,9.580263,1623164292
0.000000,9.579625,1623164293
0.250000,9.578398,1623164294
0.500000,9.578791,1623164295
0.000000,9.576191,1623164296
0.000000,9.578104,1623164297
0.000000,9.580067,1623164298
0.000000,9.579429,1623164299
0.000000,9.575847,1623164300
0.000000,9.575945,1623164301
0.000000,9.578693,1623164302
0.000000,9.579036,1623164303
0.500000,9.582961,1623164304
0.000000,9.579036,1623164305
0.000000,9.582127,1623164306
0.250000,9.582961,1623164307
0.000000,9.579429,1623164308
0.250000,9.582863,1623164309
0.000000,9.582471,1623164310
0.000000,9.579380,1623164311
0.500000,9.583599,1623164312
0.000000,9.579380,1623164313
0.250000,9.572413,1623164314
0.250000,9.575307,1623164315
0.000000,9.578987,1623164316
0.000000,9.575455,1623164317
0.000000,9.572167,1623164318
0.250000,9.575798,1623164319
0.500000,9.571137,1623164320
0.000000,9.571677,1623164321
0.000000,9.572216,1623164322
0.000000,9.566231,1623164323
0.500000,9.565053,1623164324
0.000000,9.569420,1623164325
0.000000,9.572216,1623164326
0.250000,9.577810,1623164327
0.000000,9.581342,1623164328
0.000000,9.584777,1623164329
0.000000,9.582078,1623164330
0.000000,9.579085,1623164331
0.000000,9.575994,1623164332
0.500000,9.571137,1623164333
0.500000,9.574522,1623164334
0.250000,9.575896,1623164335
0.000000,9.574915,1623164336
0.000000,9.580361,1623164337
0.250000,9.575602,1623164338
0.000000,9.580312,1623164339
0.000000,9.584875,1623164340
0.000000,9.583403,1623164341
0.250000,9.581538,1623164342
0.000000,9.580606,1623164343
0.500000,9.575798,1623164344
0.000000,9.586003,1623164345
0.000000,9.577417,1623164346
0.000000,9.576926,1623164347
0.000000,9.576828,1623164348
0.000000,9.577613,1623164349
0.000000,9.580410,1623164350
0.250000,9.579380,1623164351
0.000000,9.583207,1623164352
0.000000,9.581391,1623164353
0.250000,9.575700,1623164354
0.000000,9.578055,1623164355
0.000000,9.577123,1623164356
0.250000,9.575307,1623164357
0.250000,9.572020,1623164358
0.000000,9.565740,1623164359
0.250000,9.566133,1623164360
0.000000,9.570941,1623164361
0.500000,9.574473,1623164362
0.000000,9.573541,1623164363
1.000000,9.581097,1623164364
0.000000,9.579723,1623164365
0.250000,9.577172,1623164366
0.000000,9.575356,1623164367
0.250000,9.577319,1623164368
0.250000,9.581538,1623164369
0.000000,9.576828,1623164370
0.250000,9.576632,1623164371
0.000000,9.573541,1623164372
0.000000,9.577859,1623164373
0.000000,9.578202,1623164374
0.000000,9.578300,1623164375
0.000000,9.576240,1623164376
0.500000,9.584188,1623164377
0.000000,9.574571,1623164378
0.000000,9.578300,1623164379
0.250000,9.576436,1623164380
0.250000,9.574620,1623164381
0.000000,9.567752,1623164382
0.000000,9.567457,1623164383
0.250000,9.567359,1623164384
0.000000,9.567261,1623164385
0.250000,9.562158,1623164386
0.000000,9.564072,1623164387
0.000000,9.570548,1623164388
0.000000,9.567801,1623164389
0.000000,9.565151,1623164390
0.000000,9.574473,1623164391
0.000000,9.572707,1623164392
0.000000,9.576191,1623164393
0.250000,9.567801,1623164394
0.250000,9.569812,1623164395
0.000000,9.571579,1623164396
0.250000,9.577319,1623164397
0.000000,9.580950,1623164398
0.000000,9.578938,1623164399
0.500000,9.580361,1623164400
0.250000,9.581587,1623164401
0.000000,9.579968,1623164402
0.000000,9.583599,1623164403
0.000000,9.586690,1623164404
0.000000,9.582127,1623164405
0.250000,9.583207,1623164406
0.250000,9.580116,1623164407
0.250000,9.576387,1623164408
0.250000,9.580017,1623164409
0.000000,9.576926,1623164410
0.000000,9.581637,1623164411
0.250000,9.579527,1623164412
0.250000,9.572756,1623164413
0.000000,9.576828,1623164414
0.250000,9.569763,1623164415
0.000000,9.580017,1623164416
1.000000,9.580214,1623164417
0.000000,9.581489,1623164418
0.500000,9.579380,1623164419
0.000000,9.573934,1623164420
0.500000,9.573541,1623164421
0.250000,9.580116,1623164422
0.000000,9.578840,1623164423
0.000000,9.577908,1623164424
0.250000,9.578153,1623164425
0.000000,9.576191,1623164426
0.000000,9.581440,1623164427
0.000000,9.579085,1623164428
0.250000,9.581440,1623164429
0.250000,9.581833,1623164430
0.000000,9.581833,1623164431
0.250000,9.573198,1623164432
0.000000,9.566476,1623164433
0.000000,9.572462,1623164434
0.250000,9.573345,1623164435
0.000000,9.572069,1623164436
0.000000,9.575160,1623164437
0.000000,9.574670,1623164438
0.000000,9.570548,1623164439
0.000000,9.573639,1623164440
0.250000,9.584384,1623164441
0.500000,9.585905,1623164442
0.250000,9.587181,1623164443
0.000000,9.592087,1623164444
0.000000,9.577908,1623164445
0.250000,9.569076,1623164446
0.250000,9.563483,1623164447
0.000000,9.568880,1623164448
0.250000,9.569076,1623164449
0.000000,9.575307,1623164450
0.000000,9.574768,1623164451
0.250000,9.573001,1623164452
0.000000,9.569469,1623164454
0.250000,9.576632,1623164455
0.000000,9.575258,1623164456
0.000000,9.579429,1623164457
0.000000,9.579232,1623164458
0.000000,9.579331,1623164459
0.250000,9.580950,1623164460
0.000000,9.577270,1623164461
0.000000,9.577859,1623164462
0.500000,9.568782,1623164463
0.000000,9.572952,1623164464
0.000000,9.568782,1623164465
0.250000,9.568782,1623164466
0.000000,9.565691,1623164467
0.000000,9.571088,1623164468
0.250000,9.576338,1623164469
0.250000,9.571775,1623164470
0.000000,9.579232,1623164471
0.000000,9.575406,1623164472
0.500000,9.571677,1623164473
0.000000,9.575847,1623164474
0.250000,9.566034,1623164475
0.250000,9.571480,1623164476
0.250000,9.572756,1623164477
0.000000,9.572265,1623164478
0.000000,9.575455,1623164479
0.000000,9.575356,1623164480
0.000000,9.574964,1623164481
0.000000,9.577711,1623164482
0.500000,9.571579,1623164483
0.250000,9.575258,1623164484
0.000000,9.581931,1623164485
0.250000,9.571971,1623164486
0.000000,9.575356,1623164487
0.250000,9.575160,1623164488
0.000000,9.580557,1623164489
0.250000,9.578644,1623164490
0.000000,9.574473,1623164491
0.250000,9.571382,1623164492
0.250000,9.574375,1623164493
0.250000,9.564808,1623164494
0.000000,9.575651,1623164495
0.000000,9.575062,1623164496
0.000000,9.574719,1623164497
0.000000,9.578447,1623164498
0.000000,9.579036,1623164499
0.250000,9.578055,1623164500
0.000000,9.579429,1623164501
0.000000,9.571726,1623164502
0.500000,9.567997,1623164503
0.000000,9.568684,1623164504
0.250000,9.564612,1623164505
0.000000,9.573983,1623164506
0.250000,9.565789,1623164507
0.000000,9.567310,1623164508
0.000000,9.568586,1623164509
0.000000,9.564415,1623164510
0.000000,9.561521,1623164511
0.000000,9.564415,1623164512
0.250000,9.573394,1623164513
0.000000,9.579968,1623164514
0.000000,9.580852,1623164515
0.000000,9.574670,1623164516
0.000000,9.575062,1623164517
0.000000,9.576681,1623164518
0.000000,9.573590,1623164519
0.000000,9.579282,1623164520
0.000000,9.573443,1623164521
0.000000,9.573100,1623164522
0.750000,9.582373,1623164523
0.250000,9.575896,1623164524
0.000000,9.570401,1623164525
0.250000,9.573590,1623164526
0.000000,9.574228,1623164527
0.000000,9.576485,1623164528
0.500000,9.573835,1623164529
0.000000,9.567114,1623164530
0.250000,9.566427,1623164531
0.000000,9.560637,1623164532
0.250000,9.567065,1623164533
0.250000,9.571431,1623164534
0.000000,9.571530,1623164535
0.000000,9.569665,1623164536
0.250000,9.580802,1623164537
0.000000,9.570009,1623164538
0.000000,9.576289,1623164539
0.000000,9.572364,1623164540
0.000000,9.573492,1623164541
0.000000,9.563238,1623164542
0.250000,9.557743,1623164543
0.000000,9.566427,1623164544
0.000000,9.573100,1623164545
0.500000,9.572756,1623164546
0.250000,9.580557,1623164547
0.000000,9.581784,1623164548
0.250000,9.577368,1623164549
0.000000,9.576976,1623164550
0.000000,9.576436,1623164551
0.000000,9.580459,1623164552
0.000000,9.576191,1623164553
0.000000,9.577172,1623164554
0.250000,9.574522,1623164555
0.000000,9.578693,1623164556
0.000000,9.579919,1623164557
0.250000,9.578497,1623164558
0.000000,9.578055,1623164559
0.250000,9.576828,1623164560
0.000000,9.578644,1623164561
0.000000,9.578595,1623164562
0.000000,9.582520,1623164563
0.000000,9.581882,1623164564
0.000000,9.583354,1623164565
0.000000,9.574326,1623164566
0.000000,9.581146,1623164567
0.000000,9.581244,1623164568
0.500000,9.579576,1623164569
0.000000,9.579674,1623164570
0.250000,9.580067,1623164571
0.000000,9.583158,1623164572
0.000000,9.576485,1623164573
0.000000,9.575504,1623164574
0.250000,9.579576,1623164575
0.000000,9.575209,1623164576
0.250000,9.572903,1623164577
0.250000,9.573688,1623164578
0.500000,9.575062,1623164579
0.250000,9.573296,1623164580
0.250000,9.581686,1623164581
0.000000,9.576141,1623164582
0.000000,9.571726,1623164583
0.750000,9.575700,1623164584
0.000000,9.570794,1623164585
0.000000,9.573198,1623164586
0.500000,9.566721,1623164587
0.500000,9.570009,1623164588
0.250000,9.567555,1623164589
0.000000,9.573492,1623164590
0.000000,9.576289,1623164591
0.500000,9.579478,1623164592
0.000000,9.577908,1623164593
0.500000,9.572462,1623164594
0.000000,9.571628,1623164595
0.000000,9.573394,1623164596
0.000000,9.573394,1623164597
0.250000,9.575847,1623164598
0.500000,9.579478,1623164599
0.000000,9.575455,1623164600
0.000000,9.576926,1623164601
0.000000,9.579478,1623164602
0.000000,9.574915,1623164603
0.250000,9.575896,1623164604
0.000000,9.575749,1623164605
0.000000,9.575749,1623164606
0.250000,9.579380,1623164607
0.250000,9.578889,1623164608
0.000000,9.582029,1623164609
0.000000,9.572020,1623164610
0.000000,9.574522,1623164611
0.000000,9.574522,1623164612
0.000000,9.575651,1623164613
0.250000,9.575307,1623164614
0.250000,9.578398,1623164615
0.000000,9.575209,1623164616
0.250000,9.579968,1623164617
0.500000,9.578791,1623164618
0.000000,9.584875,1623164619
0.000000,9.586837,1623164620
0.000000,9.580802,1623164621
0.250000,9.577711,1623164622
0.000000,9.572805,1623164623
0.250000,9.574130,1623164624
0.000000,9.576289,1623164625
0.000000,9.568635,1623164626
0.000000,9.573394,1623164627
0.500000,9.575307,1623164628
0.250000,9.578398,1623164629
0.000000,9.576043,1623164630
0.000000,9.576681,1623164631
0.500000,9.568929,1623164632
0.000000,9.568340,1623164634
0.000000,9.575209,1623164635
0.000000,9.570597,1623164636
0.000000,9.571726,1623164637
0.000000,9.570107,1623164638
0.250000,9.575945,1623164639
0.250000,9.580606,1623164640
0.250000,9.556320,1623164641
0.000000,9.559215,1623164642
0.250000,9.559067,1623164643
0.000000,9.561177,1623164644
0.000000,9.557154,1623164645
0.500000,9.558282,1623164646
0.000000,9.559116,1623164647
0.000000,9.560686,1623164648
0.750000,9.553229,1623164649
0.000000,9.555927,1623164650
0.000000,9.553425,1623164651
0.250000,9.554308,1623164652
0.000000,9.559018,1623164653
0.000000,9.553327,1623164654
0.250000,9.555829,1623164655
0.000000,9.550138,1623164656
0.000000,9.556025,1623164657
0.250000,9.555633,1623164658
0.250000,9.555388,1623164659
0.000000,9.553916,1623164660
0.000000,9.551217,1623164661
0.000000,9.557105,1623164662
0.000000,9.560294,1623164663
0.250000,9.562207,1623164664
0.500000,9.560785,1623164665
0.000000,9.555633,1623164666
0.250000,9.563483,1623164667
0.000000,9.562943,1623164668
0.500000,9.555339,1623164669
0.000000,9.555633,1623164670
0.000000,9.561717,1623164671
0.000000,9.556810,1623164672
0.000000,9.555927,1623164673
0.250000,9.554014,1623164674
0.250000,9.557792,1623164675
0.000000,9.556712,1623164676
0.000000,9.555780,1623164677
0.000000,9.559754,1623164678
0.000000,9.559656,1623164679
0.000000,9.564170,1623164680
0.000000,9.560049,1623164681
0.000000,9.555191,1623164682
0.000000,9.558479,1623164683
0.000000,9.557792,1623164684
0.250000,9.556860,1623164685
0.250000,9.552297,1623164686
0.000000,9.550187,1623164687
0.000000,9.558479,1623164688
0.250000,9.561668,1623164689
0.000000,9.561422,1623164690
0.000000,9.557988,1623164691
0.000000,9.556369,1623164692
0.000000,9.554897,1623164693
0.000000,9.555388,1623164694
0.000000,9.551512,1623164695
0.000000,9.558381,1623164696
0.000000,9.554848,1623164697
0.250000,9.554995,1623164698
0.000000,9.553082,1623164699
0.000000,9.551806,1623164700
1.000000,9.555927,1623164701
0.000000,9.561226,1623164702
0.740000,9.559116,1623164703
0.000000,9.554652,1623164704
0.250000,9.556663,1623164705
0.250000,9.559313,1623164706
0.250000,9.548273,1623164707
0.000000,9.557841,1623164708
0.000000,9.562600,1623164709
0.000000,9.562109,1623164710
0.000000,9.558233,1623164711
0.000000,9.554750,1623164712
0.250000,9.554455,1623164713
0.250000,9.560834,1623164714
0.250000,9.560637,1623164715
0.000000,9.563827,1623164716
0.000000,9.557350,1623164717
0.000000,9.561913,1623164718
0.000000,9.551168,1623164719
0.000000,9.551364,1623164720
0.000000,9.548568,1623164721
0.000000,9.548372,1623164722
0.250000,9.551070,1623164723
0.000000,9.554259,1623164724
0.750000,9.554259,1623164725
0.000000,9.552297,1623164726
0.750000,9.551463,1623164727
0.000000,9.554603,1623164728
0.250000,9.560343,1623164729
0.000000,9.561717,1623164730
0.250000,9.560343,1623164731
0.000000,9.563385,1623164732
0.000000,9.561030,1623164733
0.250000,9.558871,1623164734
0.740000,9.565053,1623164735
0.000000,9.566378,1623164736
0.250000,9.561864,1623164737
0.000000,9.551512,1623164738
0.000000,9.550727,1623164739
0.250000,9.552395,1623164740
0.000000,9.552051,1623164741
0.750000,9.554308,1623164742
0.000000,9.548617,1623164743
0.000000,9.555191,1623164744
0.000000,9.558675,1623164745
0.000000,9.561766,1623164746
0.000000,9.553916,1623164747
0.000000,9.556909,1623164748
0.000000,9.557301,1623164749
0.250000,9.557203,1623164750
0.000000,9.554554,1623164751
0.250000,9.550629,1623164752
0.000000,9.558479,1623164753
0.000000,9.561177,1623164754
0.000000,9.567359,1623164755
0.000000,9.565985,1623164756
0.000000,9.560588,1623164757
0.000000,9.566280,1623164758
0.250000,9.564170,1623164759
0.000000,9.561079,1623164760
0.000000,9.558822,1623164761
0.000000,9.558282,1623164762
0.000000,9.554210,1623164763
0.250000,9.544397,1623164764
0.000000,9.554161,1623164765
0.000000,9.560098,1623164766
0.000000,9.553818,1623164767
0.000000,9.553425,1623164768
0.000000,9.553327,1623164769
0.500000,9.551217,1623164770
0.000000,9.553818,1623164771
0.250000,9.562992,1623164772
0.250000,9.561177,1623164773
0.000000,9.554014,1623164774
0.000000,9.559509,1623164775
0.000000,9.560392,1623164776
0.000000,9.560294,1623164777
0.000000,9.553965,1623164778
0.740000,9.559116,1623164779
0.000000,9.560294,1623164780
0.000000,9.558920,1623164781
0.000000,9.563679,1623164782
0.250000,9.556025,1623164783
0.000000,9.562060,1623164784
0.000000,9.561521,1623164785
0.000000,9.569959,1623164786
0.250000,9.562698,1623164787
0.000000,9.565446,1623164788
0.000000,9.558675,1623164789
0.250000,9.556909,1623164790
0.500000,9.561962,1623164791
0.250000,9.564710,1623164792
0.000000,9.559215,1623164793
0.000000,9.559411,1623164794
0.000000,9.560539,1623164795
0.000000,9.563434,1623164796
0.250000,9.553474,1623164797
0.250000,9.550579,1623164798
0.000000,9.560441,1623164799
0.000000,9.560245,1623164800
0.000000,9.549500,1623164801
0.250000,9.549206,1623164802
0.250000,9.553572,1623164803
0.000000,9.549402,1623164805
0.250000,9.552395,1623164806
0.250000,9.551904,1623164807
0.000000,9.550776,1623164808
0.250000,9.552591,1623164809
0.000000,9.558381,1623164810
0.000000,9.559656,1623164811
0.000000,9.559411,1623164812
0.000000,9.562207,1623164813
0.000000,9.559362,1623164814
0.250000,9.556565,1623164815
0.000000,9.558822,1623164816
0.000000,9.562649,1623164817
0.000000,9.557939,1623164818
0.250000,9.558135,1623164819
0.000000,9.562600,1623164820
0.000000,9.556320,1623164821
0.000000,9.552346,1623164822
0.500000,9.555339,1623164823
0.250000,9.561815,1623164824
0.000000,9.555142,1623164825
0.000000,9.557939,1623164826
0.000000,9.564219,1623164827
0.000000,9.561422,1623164828
0.000000,9.562257,1623164829
0.250000,9.559803,1623164830
0.000000,9.559215,1623164831
0.000000,9.559067,1623164832
0.500000,9.559215,1623164833
0.000000,9.557841,1623164834
0.000000,9.559509,1623164835
0.500000,9.562894,1623164836
0.250000,9.559116,1623164837
0.250000,9.562109,1623164838
0.000000,9.568389,1623164839
0.000000,9.558037,1623164840
0.000000,9.563483,1623164841
0.250000,9.561472,1623164842
0.000000,9.558037,1623164843
0.000000,9.563827,1623164844
0.000000,9.561570,1623164845
0.000000,9.336761,1623164846
0.250000,9.335093,1623164847
0.250000,9.329941,1623164848
0.000000,9.326458,1623164849
0.000000,9.329843,1623164850
0.000000,9.327832,1623164851
0.500000,9.318117,1623164852
0.000000,9.323269,1623164853
0.000000,9.324544,1623164854
0.500000,9.325624,1623164855
0.000000,9.330825,1623164856
0.000000,9.329451,1623164857
0.500000,9.331413,1623164858
0.000000,9.325526,1623164859
0.000000,9.314830,1623164860
0.000000,9.320914,1623164861
0.000000,9.329549,1623164862
0.000000,9.327194,1623164863
0.000000,9.327243,1623164864
0.000000,9.326801,1623164865
0.000000,9.321650,1623164866
0.250000,9.323710,1623164867
0.250000,9.323710,1623164868
0.250000,9.325673,1623164869
0.000000,9.331364,1623164870
0.000000,9.321895,1623164871
0.000000,9.319098,1623164872
0.250000,9.315811,1623164873
0.000000,9.314634,1623164874
0.250000,9.318019,1623164875
0.000000,9.317381,1623164876
0.000000,9.317921,1623164877
0.000000,9.320423,1623164878
0.000000,9.318412,1623164879
0.500000,9.320816,1623164880
0.250000,9.321797,1623164881
0.000000,9.318264,1623164882
0.000000,9.317332,1623164883
0.250000,9.320767,1623164884
0.250000,9.321404,1623164885
0.000000,9.326605,1623164886
0.000000,9.327488,1623164887
0.250000,9.328028,1623164888
0.000000,9.330972,1623164889
0.000000,9.323318,1623164890
0.250000,9.326262,1623164891
0.000000,9.322238,1623164892
0.000000,9.330481,1623164893
0.500000,9.331610,1623164894
0.000000,9.330874,1623164895
0.000000,9.321552,1623164896
0.000000,9.327194,1623164897
0.250000,9.326213,1623164898
0.250000,9.327685,1623164899
0.000000,9.327685,1623164900
0.000000,9.324054,1623164901
0.250000,9.321453,1623164902
0.000000,9.322974,1623164903
0.000000,9.323122,1623164904
0.000000,9.324103,1623164905
0.000000,9.317234,1623164906
0.000000,9.320080,1623164907
0.250000,9.313554,1623164908
0.000000,9.320031,1623164909
0.500000,9.326507,1623164910
0.000000,9.323367,1623164911
0.000000,9.330187,1623164912
0.000000,9.323907,1623164913
0.000000,9.317577,1623164914
0.000000,9.323416,1623164915
0.000000,9.327390,1623164916
0.000000,9.326899,1623164917
0.500000,9.326998,1623164918
0.000000,9.323023,1623164919
0.000000,9.325820,1623164920
0.000000,9.326998,1623164921
0.000000,9.326998,1623164922
0.000000,9.330285,1623164923
0.250000,9.333474,1623164924
0.000000,9.323710,1623164925
0.000000,9.321110,1623164926
0.000000,9.317332,1623164927
0.500000,9.319540,1623164928
0.500000,9.319000,1623164929
0.000000,9.319295,1623164930
0.000000,9.313358,1623164931
0.000000,9.316841,1623164932
0.250000,9.320619,1623164933
0.000000,9.321944,1623164934
0.000000,9.320816,1623164935
0.000000,9.324005,1623164936
0.000000,9.319295,1623164937
0.500000,9.320276,1623164938
0.000000,9.323808,1623164939
0.000000,9.322631,1623164940
0.250000,9.320767,1623164941
0.000000,9.322140,1623164942
0.000000,9.320080,1623164943
0.000000,9.325428,1623164944
0.000000,9.326065,1623164945
0.500000,9.322631,1623164946
0.000000,9.323710,1623164947
0.250000,9.323023,1623164948
0.000000,9.335044,1623164949
0.250000,9.335878,1623164950
0.000000,9.329402,1623164951
0.000000,9.319932,1623164952
0.250000,9.325428,1623164953
0.000000,9.329696,1623164954
0.000000,9.329794,1623164955
0.000000,9.329304,1623164956
0.000000,9.322974,1623164957
0.250000,9.329156,1623164958
0.000000,9.322778,1623164959
0.000000,9.323367,1623164960
0.250000,9.325182,1623164961
0.000000,9.327145,1623164962
0.500000,9.324054,1623164963
0.000000,9.320570,1623164964
0.000000,9.322680,1623164965
0.000000,9.326065,1623164966
0.000000,9.323759,1623164967
0.000000,9.319491,1623164968
0.750000,9.314536,1623164969
0.000000,9.324152,1623164971
0.000000,9.320472,1623164972
0.250000,9.319736,1623164973
0.250000,9.316645,1623164974
0.250000,9.325771,1623164975
0.000000,9.332836,1623164976
0.000000,9.320227,1623164977
0.250000,9.320276,1623164978
0.250000,9.323858,1623164979
0.000000,9.320816,1623164980
0.000000,9.323367,1623164981
0.250000,9.316302,1623164982
0.250000,9.328568,1623164983
0.500000,9.326360,1623164984
0.250000,9.329941,1623164985
0.000000,9.326360,1623164986
0.000000,9.329451,1623164987
0.000000,9.329696,1623164988
0.000000,9.325477,1623164989
0.000000,9.325673,1623164990
0.000000,9.328470,1623164991
0.000000,9.326262,1623164992
0.000000,9.325280,1623164993
0.000000,9.325182,1623164994
0.000000,9.324790,1623164995
0.000000,9.328666,1623164996
0.000000,9.321944,1623164997
0.000000,9.323858,1623164998
0.500000,9.323318,1623164999
0.000000,9.316645,1623165000
0.500000,9.328862,1623165001
0.000000,9.319883,1623165002
0.000000,9.322484,1623165003
0.000000,9.325379,1623165004
0.250000,9.325967,1623165005
0.000000,9.329892,1623165006
0.500000,9.326262,1623165007
0.000000,9.325280,1623165008
0.000000,9.326262,1623165009
0.000000,9.328371,1623165010
0.000000,9.325869,1623165011
0.000000,9.321944,1623165012
0.000000,9.322680,1623165013
0.000000,9.328126,1623165014
0.000000,9.323073,1623165015
0.750000,9.325182,1623165016
0.250000,9.327783,1623165017
0.000000,9.331953,1623165018
0.000000,9.329156,1623165019
0.250000,9.329255,1623165020
0.250000,9.321552,1623165021
0.250000,9.321699,1623165022
0.250000,9.315566,1623165023
0.000000,9.321895,1623165024
0.000000,9.327685,1623165025
0.000000,9.328666,1623165026
0.000000,9.325428,1623165027
0.000000,9.321208,1623165028
0.000000,9.321306,1623165029
0.000000,9.324103,1623165030
0.250000,9.321699,1623165031
0.000000,9.324299,1623165032
0.000000,9.322288,1623165033
0.250000,9.325182,1623165034
0.000000,9.327783,1623165035
0.000000,9.327685,1623165036
0.000000,9.328715,1623165037
0.000000,9.325673,1623165038
0.000000,9.325084,1623165039
0.740000,9.325280,1623165040
0.250000,9.324103,1623165041
0.000000,9.315222,1623165042
0.000000,9.315517,1623165043
0.000000,9.317921,1623165044
0.000000,9.312033,1623165045
0.000000,9.319785,1623165046
0.250000,9.324790,1623165047
0.000000,9.330628,1623165048
0.500000,9.327783,1623165049
0.000000,9.325182,1623165050
0.250000,9.324937,1623165051
0.000000,9.326360,1623165052
0.000000,9.324790,1623165053
0.000000,9.326065,1623165054
0.000000,9.328077,1623165055
0.500000,9.323416,1623165056
0.250000,9.322680,1623165057
0.000000,9.325280,1623165058
0.000000,9.314879,1623165059
0.000000,9.315811,1623165060
0.000000,9.319098,1623165061
0.250000,9.315713,1623165062
0.000000,9.316891,1623165063
0.000000,9.326114,1623165064
0.000000,9.320472,1623165065
0.000000,9.322238,1623165066
0.250000,9.320325,1623165067
0.000000,9.322140,1623165068
0.000000,9.325133,1623165069
0.000000,9.317676,1623165070
0.250000,9.312082,1623165071
0.000000,9.304428,1623165072
0.000000,9.300307,1623165073
0.000000,9.304478,1623165074
0.000000,9.306146,1623165075
0.000000,9.301043,1623165076
1.000000,9.303791,1623165077
0.000000,9.307078,1623165078
0.000000,9.310561,1623165079
0.000000,9.306636,1623165080
0.250000,9.312622,1623165081
0.000000,9.303742,1623165082
0.000000,9.307078,1623165083
0.500000,9.304281,1623165084
0.000000,9.302172,1623165085
0.000000,9.304281,1623165086
0.000000,9.304772,1623165087
0.000000,9.304183,1623165088
0.000000,9.303791,1623165089
0.000000,9.303791,1623165090
0.000000,9.305900,1623165091
0.000000,9.306097,1623165092
0.000000,9.303104,1623165093
0.250000,9.303643,1623165094
0.500000,9.308893,1623165095
0.000000,9.302515,1623165096
0.000000,9.306685,1623165097
0.000000,9.296922,1623165098
0.500000,9.299915,1623165099
0.000000,9.302907,1623165100
0.250000,9.303447,1623165101
0.500000,9.293291,1623165102
0.000000,9.293389,1623165103
0.000000,9.296088,1623165104
0.250000,9.302858,1623165105
0.250000,9.300602,1623165106
0.250000,9.303349,1623165107
0.250000,9.292800,1623165108
0.000000,9.302760,1623165109
0.250000,9.306931,1623165110
0.000000,9.306931,1623165111
0.000000,9.299473,1623165112
0.000000,9.302368,1623165113
0.000000,9.303251,1623165114
0.000000,9.305361,1623165115
0.000000,9.305557,1623165116
0.250000,9.311445,1623165117
0.000000,9.312426,1623165118
0.000000,9.315517,1623165119
0.000000,9.317725,1623165120
0.000000,9.315124,1623165121
0.000000,9.316792,1623165122
0.000000,9.315811,1623165123
0.250000,9.311690,1623165124
0.000000,9.315811,1623165125
0.250000,9.316596,1623165126
0.000000,9.317234,1623165127
0.000000,9.317528,1623165128
0.000000,9.314536,1623165129
0.000000,9.311543,1623165130
0.250000,9.315271,1623165131
0.000000,9.307912,1623165132
0.000000,9.312671,1623165134
0.000000,9.306293,1623165135
0.000000,9.312524,1623165136
0.250000,9.306538,1623165137
0.000000,9.311052,1623165138
0.000000,9.315124,1623165139
0.000000,9.317479,1623165140
0.000000,9.316645,1623165141
0.000000,9.315566,1623165142
0.000000,9.313113,1623165143
0.000000,9.316007,1623165144
0.000000,9.311935,1623165145
0.000000,9.313751,1623165146
0.250000,9.317136,1623165147
0.000000,9.311886,1623165148
0.000000,9.305655,1623165149
0.250000,9.304821,1623165150
0.000000,9.310856,1623165151
0.000000,9.311003,1623165152
0.500000,9.314928,1623165153
0.000000,9.314437,1623165154
0.000000,9.318706,1623165155
0.000000,9.305753,1623165156
0.000000,9.312328,1623165157
0.000000,9.314830,1623165158
0.250000,9.306784,1623165159
0.500000,9.314928,1623165160
0.000000,9.312720,1623165161
0.000000,9.314977,1623165162
0.500000,9.311494,1623165163
0.000000,9.308599,1623165164
0.000000,9.312622,1623165165
0.250000,9.311248,1623165166
0.000000,9.312916,1623165167
0.250000,9.311494,1623165168
0.000000,9.308452,1623165169
0.000000,9.306734,1623165170
0.000000,9.305753,1623165171
0.000000,9.311445,1623165172
0.250000,9.315124,1623165173
0.000000,9.315909,1623165174
0.000000,9.318019,1623165175
0.000000,9.306146,1623165176
0.250000,9.306342,1623165177
0.000000,9.308354,1623165178
0.250000,9.307127,1623165179
0.000000,9.311346,1623165180
0.000000,9.314437,1623165181
0.000000,9.312720,1623165182
0.250000,9.308354,1623165183
0.000000,9.309139,1623165184
0.250000,9.308157,1623165185
0.000000,9.313015,1623165186
0.500000,9.312622,1623165187
0.000000,9.305949,1623165188
0.000000,9.308255,1623165189
0.000000,9.310954,1623165190
0.000000,9.308893,1623165191
0.000000,9.314536,1623165192
0.750000,9.315419,1623165193
14.890000,9.498572,1623165194
2.010000,9.454857,1623165195
0.000000,9.455446,1623165196
0.000000,9.452256,1623165197
0.750000,9.378073,1623165198
0.000000,9.375129,1623165199
0.000000,9.368113,1623165200
0.250000,9.359772,1623165201
0.000000,9.351627,1623165202
0.250000,9.352462,1623165203
0.000000,9.352020,1623165204
0.000000,9.354915,1623165205
0.250000,9.354718,1623165206
0.250000,9.359183,1623165207
0.000000,9.360508,1623165208
0.250000,