cpu,ram,timestamp
0.250000,8.632162,1623153494
0.250000,8.631181,1623153495
0.250000,8.640503,1623153496
0.250000,8.644084,1623153497
0.000000,8.646636,1623153498
0.000000,8.638638,1623153499
0.000000,8.643986,1623153500
0.000000,8.646685,1623153501
0.000000,8.647764,1623153502
0.000000,8.649972,1623153503
0.000000,8.647960,1623153504
0.000000,8.643839,1623153505
0.000000,8.647519,1623153506
0.000000,8.648059,1623153507
0.250000,8.646587,1623153508
0.000000,8.644722,1623153509
0.000000,8.647568,1623153510
0.000000,8.649678,1623153511
0.000000,8.650070,1623153512
0.000000,8.653161,1623153514
0.250000,8.650414,1623153515
0.750000,8.652671,1623153516
0.000000,8.649530,1623153517
0.000000,8.642269,1623153518
0.000000,8.643790,1623153519
0.000000,8.643250,1623153520
0.000000,8.644379,1623153521
0.000000,8.643741,1623153522
0.250000,8.650757,1623153523
0.000000,8.649874,1623153524
0.250000,8.647666,1623153525
0.250000,8.647224,1623153526
0.000000,8.640944,1623153527
0.000000,8.637314,1623153528
0.000000,8.640110,1623153529
0.000000,8.646587,1623153530
0.250000,8.647470,1623153531
0.000000,8.650659,1623153532
0.250000,8.649236,1623153533
0.000000,8.649187,1623153534
0.000000,8.643839,1623153535
0.250000,8.647470,1623153536
0.000000,8.644428,1623153537
0.000000,8.643398,1623153538
0.000000,8.650266,1623153539
0.000000,8.649629,1623153540
0.000000,8.651493,1623153541
0.250000,8.645949,1623153542
0.250000,8.652180,1623153543
0.000000,8.657969,1623153544
0.500000,8.652720,1623153545
0.250000,8.653063,1623153546
2.020000,8.649089,1623153547
2.030000,8.662532,1623153548
3.970000,8.682697,1623153549
3.260000,8.683777,1623153550
4.460000,8.689174,1623153551
2.800000,8.711498,1623153552
3.030000,8.723567,1623153553
5.200000,8.741721,1623153554
3.280000,8.750895,1623153555
2.760000,8.761052,1623153556
4.700000,8.769441,1623153557
3.990000,8.776703,1623153558
3.260000,8.784602,1623153559
3.760000,8.784406,1623153560
1.000000,8.792452,1623153561
0.000000,8.785485,1623153562
0.000000,8.794660,1623153563
0.000000,8.801627,1623153564
0.250000,8.801038,1623153565
0.000000,8.801823,1623153566
0.500000,8.804669,1623153567
0.000000,8.800891,1623153568
0.000000,8.804424,1623153569
0.250000,8.804424,1623153570
0.000000,8.793679,1623153571
0.250000,8.803148,1623153572
0.000000,8.800940,1623153573
0.000000,8.791373,1623153574
0.500000,8.791078,1623153575
0.500000,8.788969,1623153576
0.000000,8.793581,1623153577
0.000000,8.797162,1623153578
0.250000,8.794611,1623153579
0.000000,8.794709,1623153580
0.500000,8.796868,1623153581
0.250000,8.798438,1623153582
0.000000,8.794513,1623153583
0.000000,8.791324,1623153584
0.000000,8.797947,1623153585
0.000000,8.799959,1623153586
0.500000,8.804522,1623153587
0.000000,8.804031,1623153588
0.250000,8.793286,1623153589
0.250000,8.796377,1623153590
0.000000,8.801431,1623153591
0.000000,8.799370,1623153592
0.250000,8.804031,1623153593
0.000000,8.796377,1623153594
0.250000,8.810949,1623153595
0.000000,8.812666,1623153596
0.250000,8.813500,1623153597
0.000000,8.807564,1623153598
0.000000,8.816346,1623153599
0.000000,8.816542,1623153600
0.000000,8.808888,1623153601
0.000000,8.812077,1623153602
0.000000,8.803688,1623153603
0.000000,8.805405,1623153604
0.000000,8.808888,1623153605
0.500000,8.810115,1623153606
0.000000,8.809968,1623153607
0.250000,8.807367,1623153608
0.000000,8.802608,1623153609
0.250000,8.803982,1623153610
0.000000,8.803884,1623153611
0.000000,8.805307,1623153612
0.000000,8.806680,1623153613
0.250000,8.808300,1623153614
0.000000,8.805110,1623153615
0.250000,8.811391,1623153616
0.000000,8.806484,1623153617
0.000000,8.806779,1623153618
0.250000,8.811587,1623153619
0.000000,8.806386,1623153620
0.500000,8.809477,1623153621
0.000000,8.808937,1623153622
0.000000,8.809771,1623153623
0.000000,8.809771,1623153624
0.250000,8.803491,1623153625
0.000000,8.803589,1623153626
0.000000,8.809379,1623153627
0.250000,8.809281,1623153628
0.000000,8.807907,1623153629
0.250000,8.784553,1623153630
23.750000,9.685651,1623153631
77.220000,9.201641,1623153632
84.420000,9.095075,1623153633
0.250000,9.088697,1623153634
0.250000,9.086783,1623153635
0.000000,9.086342,1623153636
0.500000,8.895485,1623153637
0.000000,8.886507,1623153638
0.250000,8.885623,1623153639
0.000000,8.884201,1623153640
0.000000,8.881649,1623153641
0.250000,8.881649,1623153642
2.270000,8.901912,1623153643
0.250000,8.905445,1623153644
0.250000,8.911333,1623153645
0.000000,8.908879,1623153646
0.250000,8.817573,1623153647
0.000000,8.807367,1623153648
0.500000,8.813844,1623153649
0.250000,8.816738,1623153650
0.000000,8.816248,1623153651
2.490000,8.814629,1623153652
0.500000,8.816591,1623153653
1.000000,8.811194,1623153654
0.000000,8.811734,1623153655
0.250000,8.813353,1623153656
0.500000,8.813451,1623153657
0.250000,8.820320,1623153658
1.500000,8.819486,1623153659
0.000000,8.814383,1623153660
0.740000,8.810900,1623153661
0.000000,8.813991,1623153662
0.000000,8.816101,1623153663
0.000000,8.813206,1623153664
1.000000,8.815512,1623153665
0.250000,8.804178,1623153666
0.250000,8.807024,1623153667
0.000000,8.807220,1623153668
0.500000,8.810213,1623153669
0.250000,8.801038,1623153670
3.480000,8.801970,1623153671
3.520000,8.802903,1623153672
3.530000,8.808005,1623153673
4.270000,8.806975,1623153674
3.770000,8.805160,1623153675
4.710000,8.814040,1623153677
3.290000,8.807515,1623153678
4.250000,8.807907,1623153679
4.500000,8.810115,1623153680
4.260000,8.808692,1623153681
4.030000,8.815904,1623153682
4.510000,8.819977,1623153683
3.530000,8.818897,1623153684
3.530000,8.820762,1623153685
1.750000,8.815316,1623153686
3.020000,8.940623,1623153687
86.530000,9.401721,1623153688
75.630000,9.725049,1623153689
18.530000,9.109941,1623153690
1.750000,9.102582,1623153691
0.000000,9.100030,1623153692
0.250000,9.095664,1623153693
0.250000,8.903924,1623153694
0.250000,8.898478,1623153695
0.250000,8.900490,1623153696
0.250000,8.898380,1623153697
0.000000,8.891904,1623153698
0.000000,8.897104,1623153699
2.990000,8.896417,1623153700
0.000000,8.897938,1623153701
0.000000,8.892149,1623153702
0.000000,8.895338,1623153703
0.250000,8.838375,1623153704
0.250000,8.829446,1623153705
0.000000,8.822773,1623153706
0.000000,8.828808,1623153707
0.000000,8.829495,1623153708
0.000000,8.829053,1623153709
0.000000,8.827042,1623153710
0.000000,8.828465,1623153711
0.500000,8.832144,1623153712
0.000000,8.833028,1623153713
0.000000,8.834843,1623153714
0.250000,8.830084,1623153715
0.250000,8.823264,1623153716
0.250000,8.822970,1623153717
0.000000,8.823313,1623153718
0.000000,8.822675,1623153719
0.000000,8.826796,1623153720
0.250000,8.828661,1623153721
0.500000,8.828317,1623153722
0.000000,8.825766,1623153723
0.250000,8.826502,1623153724
0.250000,8.822773,1623153725
0.500000,8.827729,1623153726
0.250000,8.830476,1623153727
0.000000,8.826011,1623153728
0.000000,8.829937,1623153729
0.500000,8.829544,1623153730
0.000000,8.827581,1623153731
0.250000,8.826306,1623153732
0.250000,8.833028,1623153733
0.000000,8.827974,1623153734
0.000000,8.825177,1623153735
0.000000,8.828072,1623153736
0.250000,8.828072,1623153737
0.000000,8.829053,1623153738
0.000000,8.831359,1623153739
0.000000,8.831556,1623153740
0.000000,8.828563,1623153741
0.000000,8.824883,1623153742
0.250000,8.835530,1623153743
0.000000,8.831261,1623153744
2.240000,8.832439,1623153745
0.000000,8.826747,1623153746
0.250000,8.830967,1623153747
0.000000,8.832341,1623153748
0.000000,8.828808,1623153749
0.000000,8.830967,1623153750
2.270000,8.833960,1623153751
4.740000,8.832095,1623153752
4.260000,8.830574,1623153753
3.280000,8.824883,1623153754
4.270000,8.830672,1623153755
4.750000,8.832046,1623153756
3.540000,8.828514,1623153757
3.790000,8.828514,1623153758
4.020000,8.828857,1623153759
3.280000,8.825521,1623153760
4.750000,8.830672,1623153761
3.780000,8.837149,1623153762
4.760000,8.830574,1623153763
5.220000,8.832488,1623153764
1.760000,8.832537,1623153765
2.760000,8.919919,1623153766
86.080000,9.418108,1623153767
78.930000,9.769844,1623153768
14.760000,9.113964,1623153769
0.250000,9.101257,1623153770
0.250000,9.094781,1623153771
0.000000,8.917367,1623153772
0.000000,8.909321,1623153773
0.000000,8.904268,1623153774
0.000000,8.902747,1623153775
0.000000,8.897497,1623153776
0.000000,8.888126,1623153777
0.000000,8.882287,1623153778
2.500000,8.879785,1623153779
0.500000,8.894847,1623153780
0.000000,8.894357,1623153781
0.250000,8.846127,1623153782
0.000000,8.845882,1623153783
0.000000,8.835628,1623153784
0.250000,8.839308,1623153785
0.500000,8.838866,1623153786
0.000000,8.828465,1623153787
0.250000,8.831850,1623153788
0.000000,8.829838,1623153789
0.000000,8.826698,1623153790
0.000000,8.822381,1623153791
0.500000,8.828661,1623153792
0.000000,8.829397,1623153793
0.000000,8.825766,1623153794
0.250000,8.819535,1623153795
0.000000,8.819682,1623153796
0.000000,8.822675,1623153797
0.250000,8.826453,1623153798
1.250000,8.821007,1623153799
3.510000,8.811783,1623153800
0.000000,8.822773,1623153801
0.250000,8.819780,1623153802
0.000000,8.822675,1623153803
0.250000,8.824343,1623153804
0.000000,8.826551,1623153805
1.770000,8.825766,1623153806
4.270000,8.829642,1623153807
4.270000,8.823166,1623153808
3.790000,8.819682,1623153809
4.510000,8.823755,1623153810
3.280000,8.828072,1623153811
4.980000,8.829544,1623153812
3.280000,8.835726,1623153813
4.980000,8.835628,1623153814
4.290000,8.827778,1623153815
4.500000,8.835333,1623153816
4.510000,8.828023,1623153817
4.260000,8.826011,1623153818
3.050000,8.826846,1623153819
2.750000,8.825472,1623153820
0.000000,8.816199,1623153821
75.250000,9.505637,1623153822
73.660000,10.932597,1623153823
27.040000,9.126819,1623153824
0.500000,9.116467,1623153825
0.000000,9.108813,1623153826
0.000000,9.105820,1623153827
0.500000,8.917318,1623153828
0.000000,8.915258,1623153829
1.250000,8.907996,1623153830
0.000000,8.910400,1623153832
0.000000,8.911676,1623153833
0.000000,8.907113,1623153834
2.990000,8.993612,1623153835
0.500000,8.999254,1623153836
0.250000,9.003866,1623153837
0.000000,9.002689,1623153838
0.000000,8.863741,1623153839
0.000000,8.849071,1623153840
0.250000,8.846962,1623153841
0.000000,8.848679,1623153842
0.250000,8.843920,1623153843
0.000000,8.843969,1623153844
0.000000,8.848973,1623153845
0.250000,8.850249,1623153846
0.250000,8.837639,1623153847
0.000000,8.837590,1623153848
0.250000,8.835677,1623153849
0.000000,8.838474,1623153850
0.000000,8.840878,1623153851
0.250000,8.836805,1623153852
0.000000,8.826061,1623153853
0.250000,8.833126,1623153854
0.000000,8.835579,1623153855
0.250000,8.834352,1623153856
0.000000,8.831752,1623153857
0.500000,8.839602,1623153858
0.000000,8.840485,1623153859
0.000000,8.840289,1623153860
1.490000,8.837443,1623153861
0.250000,8.834205,1623153862
0.000000,8.837296,1623153863
0.000000,8.835235,1623153864
1.250000,8.840289,1623153865
0.000000,8.841172,1623153866
0.500000,8.836609,1623153867
0.000000,8.837738,1623153868
0.000000,8.842497,1623153869
0.250000,8.836953,1623153870
1.010000,8.850936,1623153871
3.790000,8.842251,1623153872
4.260000,8.837247,1623153873
4.260000,8.839945,1623153874
4.500000,8.835284,1623153875
4.490000,8.828612,1623153876
4.990000,8.826796,1623153877
4.040000,8.831703,1623153878
5.000000,8.837885,1623153879
4.490000,8.832733,1623153880
4.030000,8.839013,1623153881
4.040000,8.827974,1623153882
5.000000,8.840485,1623153883
3.790000,8.839209,1623153884
3.500000,8.837051,1623153885
0.250000,8.833126,1623153886
50.760000,10.952713,1623153887
74.490000,10.817102,1623153888
49.100000,9.140557,1623153889
0.500000,9.136828,1623153890
0.250000,9.135945,1623153891
0.250000,8.933313,1623153892
0.000000,8.923746,1623153893
0.000000,8.917073,1623153894
0.000000,8.921342,1623153895
0.000000,8.917073,1623153896
0.000000,8.917171,1623153897
0.000000,8.916779,1623153898
2.270000,8.944009,1623153899
0.250000,8.947394,1623153900
0.500000,8.950829,1623153901
0.000000,8.957011,1623153902
0.000000,8.865655,1623153903
0.000000,8.857952,1623153904
0.000000,8.856284,1623153905
0.750000,8.860356,1623153906
0.000000,8.858393,1623153907
0.000000,8.857265,1623153908
0.000000,8.856284,1623153909
0.000000,8.853143,1623153910
0.250000,8.852604,1623153911
0.000000,8.853193,1623153912
0.000000,8.847354,1623153913
0.250000,8.852800,1623153914
0.000000,8.855793,1623153915
0.000000,8.856234,1623153916
0.000000,8.857019,1623153917
2.010000,8.863643,1623153918
0.000000,8.853781,1623153919
0.000000,8.860012,1623153920
1.750000,8.857216,1623153921
0.000000,8.852653,1623153922
0.000000,8.852358,1623153923
0.750000,8.856774,1623153924
0.500000,8.859031,1623153925
0.250000,8.856725,1623153926
0.000000,8.848384,1623153927
0.500000,8.857216,1623153928
0.500000,8.866047,1623153929
0.000000,8.864281,1623153930
0.250000,8.864281,1623153931
1.000000,8.865704,1623153932
0.000000,8.865802,1623153933
0.000000,8.854664,1623153934
0.000000,8.863201,1623153935
0.000000,8.862711,1623153936
0.250000,8.859620,1623153937
0.000000,8.859914,1623153938
0.000000,8.868059,1623153939
0.000000,8.864870,1623153940
0.000000,8.862711,1623153941
0.000000,8.864673,1623153942
0.000000,8.861582,1623153943
1.760000,8.858295,1623153944
0.000000,8.855940,1623153945
0.000000,8.855646,1623153946
0.250000,8.849218,1623153947
0.750000,8.855400,1623153948
0.000000,8.856774,1623153949
0.000000,8.858491,1623153950
3.270000,8.855499,1623153951
2.780000,8.855106,1623153952
4.500000,8.856676,1623153953
4.020000,8.859571,1623153954
4.280000,8.853193,1623153955
2.800000,8.854517,1623153956
4.790000,8.856333,1623153957
4.030000,8.855302,1623153958
5.720000,8.846667,1623153959
4.260000,8.840780,1623153960
4.270000,8.834352,1623153961
5.910000,8.840730,1623153962
3.060000,8.831261,1623153963
4.750000,8.834352,1623153964
0.500000,8.838228,1623153965
19.400000,9.709888,1623153966
74.870000,9.264932,1623153967
83.000000,9.142078,1623153968
1.250000,9.134669,1623153969
0.000000,9.134669,1623153970
0.250000,9.136386,1623153971
2.490000,8.932234,1623153972
0.000000,8.925119,1623153973
0.500000,8.925119,1623153974
0.250000,8.921636,1623153975
0.000000,8.927131,1623153976
0.000000,8.923451,1623153977
1.750000,8.939888,1623153978
0.750000,8.996261,1623153979
0.250000,8.999156,1623153981
0.250000,9.009508,1623153982
0.750000,8.882876,1623153983
0.000000,8.876449,1623153984
0.750000,8.871739,1623153985
0.000000,8.868648,1623153986
0.250000,8.868206,1623153987
0.000000,8.863937,1623153988
0.000000,8.864281,1623153989
0.250000,8.865458,1623153990
0.000000,8.861288,1623153991
0.000000,8.865360,1623153992
0.250000,8.865655,1623153993
0.000000,8.867077,1623153994
0.000000,8.859031,1623153995
0.250000,8.859276,1623153996
0.000000,8.861288,1623153997
0.000000,8.858737,1623153998
0.000000,8.862662,1623153999
0.000000,8.849905,1623154000
0.000000,8.857805,1623154001
0.000000,8.864428,1623154002
0.000000,8.863839,1623154003
0.000000,8.866292,1623154004
0.500000,8.861533,1623154005
0.250000,8.860896,1623154006
0.740000,8.858442,1623154007
0.250000,8.860994,1623154008
0.000000,8.861681,1623154009
0.000000,8.857118,1623154010
0.250000,8.861141,1623154011
0.000000,8.857510,1623154012
0.250000,8.857216,1623154013
0.000000,8.860307,1623154014
0.500000,8.868059,1623154015
0.250000,8.860994,1623154016
0.000000,8.861484,1623154017
0.000000,8.856921,1623154018
0.000000,8.859816,1623154019
0.000000,8.860503,1623154020
0.250000,8.857755,1623154021
0.000000,8.854664,1623154022
0.000000,8.863201,1623154023
0.250000,8.867961,1623154024
0.500000,8.861681,1623154025
0.000000,8.864772,1623154026
0.000000,8.863496,1623154027
0.250000,8.858050,1623154028
0.000000,8.864772,1623154029
0.000000,8.863398,1623154030
0.000000,8.867764,1623154031
0.000000,8.860110,1623154032
0.000000,8.863005,1623154033
0.000000,8.859816,1623154034
1.240000,8.859325,1623154035
0.000000,8.857461,1623154036
0.000000,8.859620,1623154037
0.250000,8.863201,1623154038
0.250000,8.865900,1623154039
0.250000,8.860797,1623154040
0.000000,8.863398,1623154041
1.500000,8.856725,1623154042
0.000000,8.859620,1623154043
0.250000,8.860846,1623154044
0.000000,8.850151,1623154045
0.000000,8.850347,1623154046
0.000000,8.849464,1623154047
2.250000,8.847501,1623154048
3.270000,8.846863,1623154049
4.270000,8.840976,1623154050
3.280000,8.847158,1623154051
3.530000,8.854517,1623154052
4.490000,8.856431,1623154053
3.030000,8.856234,1623154054
4.020000,8.859424,1623154055
3.760000,8.851917,1623154056
3.510000,8.855842,1623154057
3.990000,8.852555,1623154058
4.010000,8.850151,1623154059
3.750000,8.852211,1623154060
2.780000,8.855597,1623154061
2.260000,8.847648,1623154062
0.250000,8.851279,1623154063
0.750000,8.852800,1623154064
1.010000,8.849415,1623154065
1.500000,8.849905,1623154066
0.750000,8.849464,1623154067
0.250000,8.844705,1623154068
1.490000,8.853879,1623154069
0.250000,8.853634,1623154070
0.750000,8.860307,1623154071
0.750000,8.857118,1623154072
0.500000,8.855155,1623154073
1.490000,8.853094,1623154074
4.350000,8.847158,1623154075
0.750000,8.851181,1623154076
0.250000,8.840730,1623154077
27.000000,10.053626,1623154078
70.810000,9.269299,1623154079
86.510000,9.140998,1623154080
0.000000,9.138889,1623154081
0.250000,9.129468,1623154082
0.500000,9.130793,1623154083
0.250000,8.942390,1623154084
0.000000,8.933607,1623154085
0.000000,8.933656,1623154086
0.000000,8.929780,1623154087
0.250000,8.935864,1623154088
0.000000,8.940133,1623154089
1.510000,8.957158,1623154090
0.750000,8.978893,1623154091
0.000000,8.991649,1623154092
0.250000,8.984388,1623154093
1.000000,8.880030,1623154094
0.250000,8.877822,1623154095
0.750000,8.876301,1623154096
0.250000,8.869629,1623154097
0.000000,8.869874,1623154098
0.000000,8.867323,1623154099
0.750000,8.869923,1623154100
0.000000,8.866832,1623154101
0.000000,8.868942,1623154102
0.500000,8.869923,1623154103
0.000000,8.859227,1623154104
0.000000,8.853291,1623154105
0.000000,8.854861,1623154106
0.000000,8.853978,1623154107
2.010000,8.854370,1623154108
0.500000,8.856284,1623154109
1.000000,8.862367,1623154110
2.240000,8.865458,1623154111
0.000000,8.860454,1623154112
0.250000,8.859473,1623154113
0.000000,8.860160,1623154114
0.750000,8.853143,1623154115
0.000000,8.853242,1623154116
0.000000,8.850347,1623154117
4.230000,8.859473,1623154118
3.750000,8.858982,1623154119
5.460000,8.858590,1623154120
4.760000,8.861337,1623154121
5.250000,8.869531,1623154122
5.210000,8.859669,1623154123
4.510000,8.864428,1623154124
4.490000,8.861975,1623154125
4.270000,8.861582,1623154126
3.800000,8.868157,1623154127
3.800000,8.874731,1623154128
5.470000,8.869334,1623154129
3.320000,8.862907,1623154130
4.530000,8.863937,1623154132
1.490000,8.856872,1623154133
9.900000,9.211306,1623154134
89.620000,9.156846,1623154135
84.790000,9.402457,1623154136
5.300000,9.154245,1623154137
0.000000,9.145218,1623154138
0.000000,9.138938,1623154139
0.500000,9.137122,1623154140
0.500000,8.941556,1623154141
0.000000,8.945530,1623154142
0.000000,8.946364,1623154143
0.250000,8.949357,1623154144
0.500000,8.949553,1623154145
0.000000,8.950436,1623154146
2.260000,8.949651,1623154147
0.000000,8.963291,1623154148
0.000000,8.962260,1623154149
2.500000,8.964665,1623154150
2.010000,8.883759,1623154151
0.000000,8.883661,1623154152
0.000000,8.877724,1623154153
0.250000,8.872524,1623154154
0.500000,8.865115,1623154155
0.000000,8.871640,1623154156
0.000000,8.876350,1623154157
0.500000,8.874290,1623154158
0.000000,8.871052,1623154159
0.000000,8.866489,1623154160
0.750000,8.867372,1623154161
0.000000,8.861877,1623154162
0.000000,8.860503,1623154163
0.250000,8.861386,1623154164
0.000000,8.852358,1623154165
0.000000,8.851426,1623154166
0.000000,8.854125,1623154167
0.000000,8.863594,1623154168
0.000000,8.868255,1623154169
0.250000,8.867323,1623154170
0.250000,8.867568,1623154171
0.000000,8.863496,1623154172
0.250000,8.867764,1623154173
0.250000,8.866685,1623154174
0.000000,8.874731,1623154175
0.250000,8.867519,1623154176
0.000000,8.870119,1623154177
0.500000,8.875124,1623154178
0.000000,8.874044,1623154179
0.000000,8.867568,1623154180
0.250000,8.867470,1623154181
0.000000,8.866292,1623154182
2.240000,8.869678,1623154183
0.250000,8.866391,1623154184
0.500000,8.872131,1623154185
0.000000,8.863201,1623154186
0.000000,8.867568,1623154187
0.000000,8.869923,1623154188
1.250000,8.875860,1623154189
3.780000,8.876939,1623154190
3.300000,8.878362,1623154191
4.740000,8.878411,1623154192
4.280000,8.871150,1623154193
3.770000,8.871346,1623154194
4.030000,8.878362,1623154195
4.280000,8.867666,1623154196
4.510000,8.873799,1623154197
4.020000,8.865802,1623154198
4.250000,8.865802,1623154199
4.990000,8.865998,1623154200
4.010000,8.866979,1623154201
5.690000,8.868893,1623154202
4.480000,8.877037,1623154203
0.000000,8.877086,1623154204
37.410000,10.525469,1623154205
76.840000,10.154010,1623154206
65.320000,9.169112,1623154207
0.000000,9.164549,1623154208
0.250000,9.172840,1623154209
0.000000,9.174705,1623154210
1.250000,8.962064,1623154211
0.000000,8.954459,1623154212
0.000000,8.953233,1623154213
0.000000,8.956324,1623154214
0.750000,8.946658,1623154215
0.250000,8.951761,1623154216
3.470000,8.921145,1623154217
0.000000,8.923500,1623154218
0.000000,8.920949,1623154219
0.000000,8.917760,1623154220
0.250000,8.880913,1623154221
0.000000,8.870463,1623154222
0.000000,8.873259,1623154223
0.000000,8.876547,1623154224
0.500000,8.874094,1623154225
0.000000,8.870610,1623154226
0.000000,8.865164,1623154227
0.000000,8.870070,1623154228
0.000000,8.871346,1623154229
0.250000,8.870070,1623154230
0.250000,8.871150,1623154231
0.000000,8.875860,1623154232
0.000000,8.873309,1623154233
0.000000,8.870365,1623154234
0.250000,8.878460,1623154235
0.250000,8.875664,1623154236
0.750000,8.879785,1623154237
0.250000,8.867470,1623154238
0.250000,8.874879,1623154239
0.000000,8.879245,1623154240
0.000000,8.876007,1623154241
0.000000,8.876007,1623154242
0.250000,8.870168,1623154243
0.500000,8.875713,1623154244
0.000000,8.873161,1623154245
0.250000,8.872720,1623154246
0.000000,8.872425,1623154247
0.000000,8.877185,1623154248
0.740000,8.886359,1623154249
0.000000,8.884397,1623154250
0.250000,8.876154,1623154251
0.740000,8.877086,1623154252
0.000000,8.880177,1623154253
0.000000,8.876203,1623154254
0.250000,8.875811,1623154255
1.750000,8.884887,1623154256
0.250000,8.879981,1623154257
0.000000,8.878215,1623154258
0.250000,8.885869,1623154259
0.000000,8.882091,1623154260
0.750000,8.880815,1623154261
0.000000,8.878755,1623154262
4.030000,8.878509,1623154263
3.530000,8.871640,1623154264
4.280000,8.872524,1623154265
4.040000,8.877822,1623154266
4.750000,8.875467,1623154267
4.510000,8.877773,1623154268
3.770000,8.884740,1623154269
3.520000,8.877135,1623154270
4.030000,8.883121,1623154271
3.540000,8.881355,1623154273
4.030000,8.878460,1623154274
5.000000,8.870267,1623154275
3.530000,8.870855,1623154276
3.500000,8.872278,1623154277
0.000000,8.878068,1623154278
43.220000,10.634095,1623154279
74.480000,10.083653,1623154280
63.800000,9.161605,1623154281
0.000000,9.144138,1623154282
0.000000,9.147426,1623154283
0.000000,9.015298,1623154284
0.000000,8.971730,1623154285
0.000000,8.961328,1623154286
0.250000,8.964125,1623154287
0.250000,8.958139,1623154288
0.000000,8.958237,1623154289
0.000000,8.961868,1623154290
2.510000,9.007350,1623154291
0.000000,9.014905,1623154292
0.000000,9.010490,1623154293
0.250000,8.903581,1623154294
0.000000,8.900686,1623154295
0.000000,8.895976,1623154296
0.250000,8.893817,1623154297
0.000000,8.896172,1623154298
1.740000,8.884053,1623154299
0.000000,8.875713,1623154300
0.000000,8.876154,1623154301
0.000000,8.881453,1623154302
0.000000,8.878853,1623154303
0.250000,8.879245,1623154304
0.250000,8.877970,1623154305
0.000000,8.874977,1623154306
0.250000,8.877626,1623154307
0.000000,8.878460,1623154308
0.250000,8.878902,1623154309
0.000000,8.879883,1623154310
0.000000,8.881404,1623154311
0.500000,8.891805,1623154312
0.000000,8.884593,1623154313
0.000000,8.878755,1623154314
0.000000,8.876252,1623154315
0.250000,8.878804,1623154316
0.000000,8.879245,1623154317
0.000000,8.877577,1623154318
0.000000,8.874388,1623154319
0.250000,8.879343,1623154320
0.000000,8.877773,1623154321
0.250000,8.881747,1623154322
0.000000,8.884838,1623154323
0.000000,8.880472,1623154324
0.250000,8.883955,1623154325
0.000000,8.880766,1623154326
0.000000,8.880472,1623154327
0.250000,8.883563,1623154328
0.000000,8.883955,1623154329
0.250000,8.884495,1623154330
0.000000,8.885329,1623154331
0.250000,8.884740,1623154332
0.000000,8.885133,1623154333
0.000000,8.886948,1623154334
0.250000,8.889941,1623154335
0.250000,8.890039,1623154336
0.000000,8.889450,1623154337
0.500000,8.892934,1623154338
0.000000,8.894160,1623154339
0.000000,8.889450,1623154340
0.250000,8.889450,1623154341
0.250000,8.890726,1623154342
0.000000,8.889254,1623154343
0.250000,8.892443,1623154344
0.000000,8.892149,1623154345
0.000000,8.889499,1623154346
0.000000,8.887341,1623154347
0.000000,8.889401,1623154348
0.250000,8.890481,1623154349
0.500000,8.890873,1623154350
0.000000,8.893523,1623154351
0.500000,8.883808,1623154352
0.000000,8.882091,1623154353
2.000000,8.876939,1623154354
0.000000,8.877479,1623154355
0.000000,8.886752,1623154356
0.250000,8.888077,1623154357
0.000000,8.886310,1623154358
0.250000,8.890481,1623154359
0.500000,8.890383,1623154360
3.530000,8.888322,1623154361
4.760000,8.888911,1623154362
3.310000,8.893768,1623154363
4.290000,8.893768,1623154364
4.790000,8.895387,1623154365
5.010000,8.892443,1623154366
3.770000,8.889156,1623154367
3.280000,8.886359,1623154368
4.010000,8.888714,1623154369
4.960000,8.886556,1623154370
5.240000,8.883759,1623154371
5.470000,8.880766,1623154372
3.540000,8.886458,1623154373
4.270000,8.892738,1623154374
0.250000,8.890824,1623154375
33.250000,10.473118,1623154376
73.930000,10.080317,1623154377
66.580000,9.169799,1623154378
0.500000,9.166217,1623154379
0.250000,9.164402,1623154380
1.000000,9.160722,1623154381
2.000000,9.155815,1623154382
0.250000,8.969669,1623154383
0.000000,8.960739,1623154384
0.000000,8.952840,1623154385
0.250000,8.949259,1623154386
0.250000,8.945775,1623154387
2.270000,9.072800,1623154388
0.000000,9.071819,1623154389
0.000000,9.075793,1623154390
0.000000,9.071574,1623154391
0.000000,9.074714,1623154392
0.000000,9.078590,1623154393
0.750000,8.903335,1623154394
0.000000,8.894553,1623154395
0.000000,8.895583,1623154396
0.500000,8.895878,1623154398
0.000000,8.899263,1623154399
0.000000,8.898625,1623154400
0.000000,8.900637,1623154401
0.000000,8.894749,1623154402
0.500000,8.896172,1623154403
0.000000,8.891953,1623154404
0.000000,8.895780,1623154405
0.250000,8.889794,1623154406
0.000000,8.889450,1623154407
0.500000,8.885084,1623154408
0.000000,8.878264,1623154409
2.000000,8.877528,1623154410
0.000000,8.878117,1623154411
0.000000,8.885280,1623154412
0.250000,8.881797,1623154413
0.000000,8.893523,1623154414
0.250000,8.895583,1623154415
0.000000,8.890039,1623154416
3.270000,8.889696,1623154417
4.280000,8.892787,1623154418
4.030000,8.889598,1623154419
4.040000,8.893179,1623154420
4.030000,8.887537,1623154421
4.260000,8.892394,1623154422
4.740000,8.889941,1623154423
4.530000,8.890334,1623154424
4.290000,8.902648,1623154425
4.500000,8.902698,1623154426
5.000000,8.906132,1623154427
4.290000,8.897055,1623154428
6.140000,8.895534,1623154429
3.790000,8.889107,1623154430
1.740000,8.895289,1623154431
4.990000,9.057100,1623154432
91.670000,9.483902,1623154433
76.140000,9.872730,1623154434
15.400000,9.195949,1623154435
0.750000,9.182800,1623154436
0.000000,9.182604,1623154437
2.720000,8.983407,1623154438
0.000000,8.975802,1623154439
0.500000,8.983161,1623154440
0.250000,8.971582,1623154441
0.000000,8.968197,1623154442
0.250000,8.972024,1623154443
0.000000,8.976194,1623154444
2.500000,9.003523,1623154445
0.250000,9.006025,1623154446
0.000000,9.009705,1623154447
0.750000,8.922323,1623154448
0.000000,8.921440,1623154449
0.000000,8.912118,1623154450
0.000000,8.911676,1623154451
0.000000,8.906623,1623154452
0.000000,8.907211,1623154453
0.250000,8.909812,1623154454
0.990000,8.912706,1623154455
0.000000,8.910695,1623154456
0.250000,8.906524,1623154457
1.000000,8.910597,1623154458
0.250000,8.906181,1623154459
0.000000,8.897251,1623154460
0.000000,8.903532,1623154461
0.250000,8.906034,1623154462
0.000000,8.903237,1623154463
0.000000,8.902943,1623154464
0.250000,8.910597,1623154465
1.510000,8.912216,1623154466
0.000000,8.903237,1623154467
0.500000,8.905445,1623154468
0.250000,8.907015,1623154469
0.250000,8.905543,1623154470
0.250000,8.911382,1623154471
1.770000,8.910499,1623154472
4.250000,8.909419,1623154473
4.020000,8.908094,1623154474
4.530000,8.910695,1623154475
4.030000,8.903532,1623154476
5.220000,8.910695,1623154477
4.010000,8.907800,1623154478
4.010000,8.907506,1623154479
4.500000,8.903826,1623154480
4.250000,8.896466,1623154481
4.030000,8.897840,1623154482
5.220000,8.902060,1623154483
2.810000,8.906721,1623154484
4.510000,8.906475,1623154485
2.990000,8.906034,1623154486
0.000000,8.900293,1623154487
72.680000,10.218430,1623154488
76.570000,10.861455,1623154489
37.080000,9.171270,1623154490
0.000000,9.157876,1623154491
0.250000,9.170044,1623154492
0.250000,9.164598,1623154493
0.500000,8.969571,1623154494
0.250000,8.967461,1623154495
0.000000,8.967069,1623154496
0.000000,8.972368,1623154497
0.000000,8.960543,1623154498
0.250000,8.962506,1623154499
2.990000,8.964223,1623154500
0.000000,8.964665,1623154501
0.000000,8.962506,1623154502
0.500000,8.957845,1623154503
0.000000,8.922176,1623154504
0.000000,8.908781,1623154505
0.250000,8.911970,1623154506
0.000000,8.912265,1623154507
0.750000,8.907211,1623154508
0.000000,8.907702,1623154509
0.250000,8.902011,1623154510
0.000000,8.901029,1623154511
0.000000,8.907702,1623154512
0.000000,8.907506,1623154513
0.000000,8.911136,1623154514
0.500000,8.911480,1623154515
0.000000,8.910793,1623154516
0.000000,8.910400,1623154517
0.000000,8.914571,1623154518
0.750000,8.914522,1623154519
0.250000,8.905494,1623154520
0.000000,8.902158,1623154521
0.000000,8.897742,1623154522
0.500000,8.898429,1623154523
0.000000,8.904415,1623154524
0.250000,8.907211,1623154525
0.000000,8.908781,1623154526
0.000000,8.908389,1623154527
0.000000,8.902403,1623154528
0.000000,8.901226,1623154529
0.500000,8.905494,1623154530
0.000000,8.905396,1623154531
0.000000,8.904120,1623154532
0.500000,8.903433,1623154533
0.250000,8.910302,1623154534
0.000000,8.904758,1623154535
0.000000,8.903826,1623154536
0.000000,8.910155,1623154537
0.250000,8.908094,1623154538
0.000000,8.906917,1623154539
0.250000,8.908487,1623154540
0.250000,8.913393,1623154541
0.250000,8.913148,1623154542
0.500000,8.907996,1623154543
0.000000,8.906721,1623154544
2.240000,8.898184,1623154545
0.000000,8.900735,1623154546
0.000000,8.906328,1623154547
0.000000,8.910008,1623154548
0.000000,8.907309,1623154549
0.000000,8.903237,1623154550
1.750000,8.903433,1623154551
4.520000,8.904366,1623154552
4.280000,8.909763,1623154553
3.540000,8.902992,1623154554
3.560000,8.904758,1623154556
3.540000,8.909959,1623154557
4.990000,8.910793,1623154558
4.020000,8.903090,1623154559
5.010000,8.901324,1623154560
4.030000,8.905053,1623154561
4.500000,8.906868,1623154562
4.260000,8.907260,1623154563
5.220000,8.902992,1623154564
5.940000,8.903433,1623154565
4.480000,8.903924,1623154566
0.000000,8.909812,1623154567
47.610000,10.922931,1623154568
76.310000,10.397217,1623154569
58.230000,9.203554,1623154570
0.750000,9.197617,1623154571
0.000000,9.191435,1623154572
0.250000,8.992434,1623154573
0.250000,8.984045,1623154574
0.000000,8.996752,1623154575
0.250000,8.996458,1623154576
0.000000,8.993170,1623154577
0.000000,8.984928,1623154578
1.000000,8.986302,1623154579
3.480000,9.006908,1623154580
0.000000,9.006025,1623154581
0.250000,9.008920,1623154582
0.000000,8.935766,1623154583
0.000000,8.928897,1623154584
0.250000,8.930467,1623154585
0.500000,8.930271,1623154586
0.250000,8.927671,1623154587
0.000000,8.924678,1623154588
0.000000,8.922715,1623154589
1.240000,8.918839,1623154590
0.000000,8.924580,1623154591
0.250000,8.914669,1623154592
0.000000,8.921783,1623154593
0.000000,8.917220,1623154594
0.000000,8.919575,1623154595
0.000000,8.926150,1623154596
0.500000,8.924089,1623154597
0.000000,8.926150,1623154598
0.250000,8.927229,1623154599
0.000000,8.920066,1623154600
0.250000,8.923059,1623154601
0.000000,8.925757,1623154602
0.000000,8.926052,1623154603
0.000000,8.925757,1623154604
1.000000,8.930222,1623154605
0.000000,8.913590,1623154606
0.250000,8.916386,1623154607
0.000000,8.923157,1623154608
0.250000,8.916681,1623154609
0.000000,8.919281,1623154610
0.250000,8.914865,1623154611
0.250000,8.913099,1623154612
1.510000,8.912510,1623154613
0.000000,8.920066,1623154614
0.250000,8.910400,1623154615
0.000000,8.911382,1623154616
0.000000,8.915356,1623154617
0.250000,8.916386,1623154618
2.260000,8.920655,1623154619
3.800000,8.915012,1623154620
4.760000,8.916092,1623154621
4.760000,8.919870,1623154622
4.040000,8.921930,1623154623
4.990000,8.925806,1623154624
4.500000,8.923402,1623154625
3.790000,8.915454,1623154626
4.740000,8.913982,1623154627
4.520000,8.919526,1623154628
4.270000,8.918937,1623154629
4.500000,8.923059,1623154630
6.190000,8.919722,1623154631
5.250000,8.920262,1623154632
2.760000,8.919772,1623154633
0.000000,8.919330,1623154634
69.720000,10.740759,1623154635
76.400000,11.053293,1623154636
40.660000,9.194085,1623154637
0.000000,9.182261,1623154638
0.000000,9.179415,1623154639
0.000000,9.184861,1623154640
0.750000,9.008037,1623154641
0.500000,8.996261,1623154642
0.250000,8.992238,1623154643
0.000000,8.990521,1623154644
0.000000,8.987430,1623154645
0.000000,8.991355,1623154646
2.270000,9.032765,1623154647
0.000000,9.036297,1623154648
0.250000,9.038652,1623154649
0.500000,9.043019,1623154650
0.500000,9.044638,1623154651
0.500000,9.045128,1623154652
0.000000,8.947689,1623154653
0.000000,8.940035,1623154654
0.000000,8.940035,1623154655
0.250000,8.932822,1623154656
0.000000,8.932871,1623154657
0.000000,8.931988,1623154658
0.500000,8.935079,1623154659
0.250000,8.936551,1623154660
0.500000,8.926591,1623154661
0.250000,8.923844,1623154662
0.000000,8.917662,1623154663
0.000000,8.916828,1623154664
0.000000,8.922912,1623154665
0.000000,8.919919,1623154666
0.000000,8.924285,1623154667
0.000000,8.914326,1623154668
0.500000,8.919526,1623154669
0.000000,8.923108,1623154670
1.750000,8.925904,1623154671
0.000000,8.923795,1623154672
0.000000,8.921930,1623154673
0.000000,8.921293,1623154674
0.000000,8.922912,1623154675
0.250000,8.920606,1623154676
0.000000,8.922323,1623154677
0.250000,8.920851,1623154678
0.000000,8.919624,1623154679
0.500000,8.925708,1623154680
0.250000,8.925316,1623154681
0.250000,8.925806,1623154682
0.000000,8.926640,1623154683
0.000000,8.930173,1623154684
0.250000,8.928505,1623154685
0.250000,8.925316,1623154686
0.000000,8.920262,1623154687
0.000000,8.922617,1623154688
0.000000,8.918937,1623154689
0.000000,8.920753,1623154690
0.250000,8.920655,1623154692
0.250000,8.919624,1623154693
0.000000,8.915797,1623154694
0.000000,8.923353,1623154695
0.500000,8.924776,1623154696
0.000000,8.930026,1623154697
0.000000,8.926346,1623154698
0.740000,8.926101,1623154699
0.000000,8.925267,1623154700
0.500000,8.928848,1623154701
0.500000,8.922470,1623154702
0.000000,8.935325,1623154703
0.250000,8.932430,1623154704
0.000000,8.935521,1623154705
0.000000,8.928112,1623154706
0.250000,8.929633,1623154707
0.000000,8.920458,1623154708
0.000000,8.922274,1623154709
0.750000,8.929928,1623154710
2.000000,8.928063,1623154711
0.250000,8.928210,1623154712
0.250000,8.924776,1623154713
0.500000,8.927131,1623154714
0.000000,8.925659,1623154715
0.000000,8.921685,1623154716
2.030000,8.925954,1623154717
4.260000,8.923353,1623154718
3.300000,8.920998,1623154719
4.750000,8.922078,1623154720
4.270000,8.921979,1623154721
4.790000,8.918692,1623154722
4.290000,8.923795,1623154723
5.450000,8.929045,1623154724
4.290000,8.925855,1623154725
4.960000,8.919624,1623154726
4.000000,8.916484,1623154727
4.020000,8.921881,1623154728
4.750000,8.919232,1623154729
3.050000,8.925757,1623154730
2.250000,8.926984,1623154731
0.250000,8.927671,1623154732
76.340000,9.803746,1623154733
73.600000,10.975184,1623154734
33.330000,9.230147,1623154735
0.250000,9.221904,1623154736
2.000000,9.219892,1623154737
0.500000,9.216605,1623154738
0.250000,9.028545,1623154739
0.500000,9.023197,1623154740
0.000000,9.018095,1623154741
0.740000,9.009950,1623154742
0.000000,9.009263,1623154743
0.000000,9.007252,1623154744
1.520000,8.997684,1623154745
0.000000,9.000775,1623154746
0.000000,9.005436,1623154747
0.000000,8.957158,1623154748
0.000000,8.950240,1623154749
0.250000,8.942243,1623154750
0.000000,8.943714,1623154751
0.500000,8.941212,1623154752
0.000000,8.939544,1623154753
0.000000,8.937778,1623154754
0.250000,8.938661,1623154755
0.000000,8.942243,1623154756
0.000000,8.931792,1623154757
0.500000,8.932479,1623154758
0.000000,8.938759,1623154759
0.000000,8.940771,1623154760
0.000000,8.937582,1623154761
0.500000,8.937091,1623154762
0.500000,8.944401,1623154763
0.000000,8.943911,1623154764
0.250000,8.943862,1623154765
0.000000,8.945235,1623154766
0.000000,8.936993,1623154767
0.000000,8.940280,1623154768
0.000000,8.943665,1623154769
0.250000,8.943764,1623154770
0.000000,8.934294,1623154771
0.500000,8.938318,1623154772
0.000000,8.937238,1623154773
0.000000,8.935227,1623154774
0.000000,8.933951,1623154775
0.000000,8.936649,1623154776
0.000000,8.940525,1623154777
0.250000,8.943567,1623154778
0.000000,8.943911,1623154779
1.500000,8.941163,1623154780
0.000000,8.932528,1623154781
0.250000,8.929094,1623154782
0.500000,8.931252,1623154783
0.000000,8.934147,1623154784
1.240000,8.932381,1623154785
0.000000,8.940133,1623154786
4.020000,8.937533,1623154787
2.540000,8.937533,1623154788
3.540000,8.941114,1623154789
4.250000,8.943714,1623154790
4.270000,8.943322,1623154791
3.780000,8.943764,1623154792
4.500000,8.946020,1623154793
4.000000,8.949602,1623154794
4.250000,8.940967,1623154795
3.520000,8.940918,1623154796
3.770000,8.941212,1623154797
3.540000,8.941801,1623154798
4.740000,8.937827,1623154799
4.500000,8.933558,1623154800
0.250000,8.937925,1623154801
30.050000,10.328136,1623154802
66.330000,9.343679,1623154803
88.210000,9.227006,1623154804
0.000000,9.225044,1623154805
0.000000,9.220236,1623154806
2.000000,9.217096,1623154807
0.750000,9.037229,1623154808
0.250000,9.031096,1623154809
0.000000,9.022020,1623154810
0.000000,9.022756,1623154811
0.000000,9.019959,1623154812
0.000000,9.017015,1623154813
0.000000,9.015690,1623154814
2.990000,9.117889,1623154815
0.000000,9.124464,1623154816
0.250000,9.130646,1623154817
0.250000,8.963585,1623154818
0.500000,8.958483,1623154819
0.500000,8.956128,1623154820
0.000000,8.947051,1623154821
0.000000,8.945628,1623154822
0.250000,8.948621,1623154823
0.750000,8.950387,1623154824
0.000000,8.952104,1623154825
0.500000,8.956667,1623154826
0.250000,8.948523,1623154827
0.000000,8.953478,1623154828
0.000000,8.948915,1623154829
0.750000,8.955931,1623154830
0.000000,8.956471,1623154832
0.000000,8.955980,1623154833
0.000000,8.942537,1623154834
0.000000,8.953086,1623154835
0.000000,8.952987,1623154836
0.000000,8.955980,1623154837
0.250000,8.947934,1623154838
1.750000,8.953576,1623154839
0.250000,8.959660,1623154840
0.500000,8.952104,1623154841
0.000000,8.954852,1623154842
0.250000,8.943126,1623154843
0.000000,8.948915,1623154844
2.010000,8.948032,1623154845
4.770000,8.946413,1623154846
4.260000,8.954214,1623154847
4.530000,8.957403,1623154848
4.760000,8.953331,1623154849
4.520000,8.950191,1623154850
3.790000,8.947149,1623154851
3.300000,8.943273,1623154852
4.760000,8.942831,1623154853
4.270000,8.945334,1623154854
4.510000,8.949308,1623154855
4.270000,8.949210,1623154856
3.800000,8.950976,1623154857
5.010000,8.954656,1623154858
2.770000,8.949062,1623154859
0.000000,8.951417,1623154860
52.410000,11.077972,1623154861
73.800000,10.687672,1623154862
51.760000,9.248447,1623154863
0.000000,9.240155,1623154864
0.000000,9.239959,1623154865
0.250000,9.234758,1623154866
0.000000,9.034335,1623154867
0.500000,9.023541,1623154868
0.250000,9.023344,1623154869
0.000000,9.023148,1623154870
0.000000,9.014905,1623154871
0.000000,9.016672,1623154872
2.010000,9.056855,1623154873
0.000000,9.064312,1623154874
0.750000,9.067501,1623154875
0.250000,8.968148,1623154876
0.250000,8.959954,1623154877
0.250000,8.956177,1623154878
0.500000,8.953086,1623154879
3.270000,8.955588,1623154880
0.250000,8.954263,1623154881
0.000000,8.957452,1623154882
0.000000,8.944696,1623154883
0.000000,8.946413,1623154884
0.000000,8.952987,1623154885
0.500000,8.954361,1623154886
0.000000,8.955588,1623154887
0.000000,8.950780,1623154888
0.000000,8.949995,1623154889
0.000000,8.955735,1623154890
0.250000,8.952987,1623154891
0.000000,8.947051,1623154892
0.250000,8.952791,1623154893
0.000000,8.954067,1623154894
0.250000,8.956716,1623154895
0.000000,8.946119,1623154896
0.000000,8.950583,1623154897
0.000000,8.950387,1623154898
0.250000,8.955195,1623154899
0.000000,8.957060,1623154900
0.250000,8.951810,1623154901
0.250000,8.952497,1623154902
0.500000,8.955293,1623154903
0.000000,8.952889,1623154904
0.750000,8.954116,1623154905
0.000000,8.948670,1623154906
0.000000,8.949602,1623154907
0.000000,8.950093,1623154908
0.000000,8.951565,1623154909
0.000000,8.953184,1623154910
0.000000,8.951074,1623154911
0.000000,8.950976,1623154912
0.500000,8.950093,1623154913
0.000000,8.954410,1623154914
0.250000,8.957207,1623154915
0.250000,8.947296,1623154916
0.000000,8.950927,1623154917
0.000000,8.943862,1623154918
0.000000,8.948228,1623154919
0.250000,8.957501,1623154920
0.000000,8.953380,1623154921
0.000000,8.956863,1623154922
0.250000,8.958973,1623154923
0.250000,8.956618,1623154924
0.000000,8.949602,1623154925
0.250000,8.946413,1623154926
0.000000,8.949406,1623154927
0.000000,8.952693,1623154928
0.500000,8.954067,1623154929
0.000000,8.953723,1623154930
0.500000,8.958483,1623154931
0.000000,8.964665,1623154932
1.500000,8.960838,1623154933
0.500000,8.952497,1623154934
0.500000,8.953282,1623154935
0.250000,8.951712,1623154936
0.000000,8.951810,1623154937
0.250000,8.955588,1623154938
2.760000,8.958777,1623154939
2.790000,8.960838,1623154940
4.510000,8.952104,1623154941
4.740000,8.948032,1623154942
3.800000,8.945137,1623154943
4.510000,8.947100,1623154944
3.770000,8.940329,1623154945
4.990000,8.949210,1623154946
4.500000,8.951614,1623154947
4.510000,8.956078,1623154948
4.750000,8.952006,1623154949
5.000000,8.952938,1623154950
4.510000,8.955392,1623154951
4.490000,8.955097,1623154952
1.750000,8.954557,1623154953
3.020000,9.079326,1623154954
90.020000,9.573835,1623154955
76.140000,9.893434,1623154956
17.720000,9.260713,1623154957
0.000000,9.248202,1623154958
0.000000,9.248791,1623154959
1.760000,9.044834,1623154960
0.500000,9.036248,1623154961
0.000000,9.024620,1623154962
0.000000,9.026386,1623154963
0.000000,9.021922,1623154964
0.250000,9.028005,1623154965
0.500000,9.028545,1623154966
3.020000,9.080111,1623154967
0.250000,9.083251,1623154968
0.000000,9.089776,1623154969
0.250000,9.087078,1623154970
0.000000,8.981493,1623154971
0.250000,8.974379,1623154972
0.000000,8.973054,1623154973
0.750000,8.970405,1623154974
0.000000,8.973251,1623154975
0.000000,8.971386,1623154976
1.000000,8.967608,1623154978
0.250000,8.965499,1623154979
0.000000,8.964223,1623154980
0.500000,8.964615,1623154981
0.000000,8.957943,1623154982
0.250000,8.960838,1623154983
0.000000,8.955588,1623154984
0.000000,8.958041,1623154985
0.000000,8.960249,1623154986
0.250000,8.959317,1623154987
0.000000,8.960838,1623154988
0.250000,8.957845,1623154989
0.000000,8.960543,1623154990
0.000000,8.963732,1623154991
1.750000,8.963634,1623154992
0.250000,8.966333,1623154993
0.250000,8.971779,1623154994
0.000000,8.960641,1623154995
0.250000,8.972368,1623154996
0.000000,8.975900,1623154997
3.000000,8.971779,1623154998
4.040000,8.966186,1623154999
4.040000,8.961623,1623155000
3.300000,8.958630,1623155001
4.510000,8.963830,1623155002
4.020000,8.968393,1623155003
4.260000,8.966038,1623155004
5.240000,8.969129,1623155005
3.800000,8.965008,1623155006
5.720000,8.966529,1623155007
4.290000,8.970847,1623155008
4.750000,8.971092,1623155009
5.900000,8.966725,1623155010
3.550000,8.967805,1623155011
1.760000,8.967216,1623155012
0.250000,8.963045,1623155013
79.180000,9.814540,1623155014
73.680000,11.023609,1623155015
33.830000,9.251833,1623155016
0.000000,9.244228,1623155017
0.000000,9.252225,1623155018
0.500000,9.250655,1623155019
0.500000,9.046257,1623155020
0.250000,9.041694,1623155021
0.250000,9.032421,1623155022
0.000000,9.036690,1623155023
0.000000,9.034482,1623155024
0.250000,9.019566,1623155025
2.510000,9.099491,1623155026
0.000000,9.106065,1623155027
0.250000,9.105476,1623155028
0.750000,8.977470,1623155029
0.000000,8.973888,1623155030
0.250000,8.972171,1623155031
0.000000,8.965597,1623155032
0.250000,8.968148,1623155033
0.250000,8.962653,1623155034
0.000000,8.965597,1623155035
0.000000,8.972515,1623155036
0.250000,8.962015,1623155037
0.000000,8.966136,1623155038
0.250000,8.965842,1623155039
0.750000,8.956078,1623155040
0.000000,8.960053,1623155041
0.000000,8.960053,1623155042
0.000000,8.958581,1623155043
0.000000,8.963045,1623155044
1.000000,8.961574,1623155045
0.000000,8.967461,1623155046
0.000000,8.962653,1623155047
0.000000,8.955195,1623155048
0.000000,8.962751,1623155049
0.000000,8.956373,1623155050
0.000000,8.958090,1623155051
0.000000,8.962555,1623155052
0.000000,8.962064,1623155053
0.250000,8.965695,1623155054
0.500000,8.958483,1623155055
0.000000,8.958335,1623155056
0.000000,8.959317,1623155057
0.250000,8.966921,1623155058
0.000000,8.955146,1623155059
0.250000,8.956324,1623155060
0.000000,8.957943,1623155061
0.250000,8.952840,1623155062
0.000000,8.957452,1623155063
0.000000,8.960985,1623155064
0.000000,8.955882,1623155065
0.250000,8.954754,1623155066
0.000000,8.952399,1623155067
0.000000,8.952938,1623155068
0.500000,8.946070,1623155069
0.250000,8.961426,1623155070
0.000000,8.958434,1623155071
0.000000,8.958041,1623155072
0.000000,8.959120,1623155073
0.500000,8.960739,1623155074
0.000000,8.961034,1623155075
0.000000,8.961132,1623155076
0.000000,8.961868,1623155077
0.000000,8.962408,1623155078
0.250000,8.965008,1623155079
0.000000,8.961034,1623155080
0.000000,8.963830,1623155081
0.000000,8.960936,1623155082
0.000000,8.961426,1623155083
1.000000,8.967118,1623155084
0.000000,8.961328,1623155085
0.000000,8.960445,1623155086
0.250000,8.968001,1623155087
0.250000,8.964910,1623155088
1.750000,8.966235,1623155089
0.000000,8.961917,1623155090
0.500000,8.963144,1623155091
0.000000,8.966087,1623155092
0.000000,8.967510,1623155093
0.000000,8.958924,1623155094
2.780000,8.961230,1623155095
3.790000,8.965646,1623155096
3.290000,8.965204,1623155097
4.770000,8.965106,1623155098
3.290000,8.957894,1623155099
4.520000,8.951565,1623155100
4.280000,8.950780,1623155101
5.510000,8.956373,1623155102
4.520000,8.957894,1623155103
5.450000,8.956520,1623155104
3.780000,8.954852,1623155105
4.020000,8.961819,1623155106
5.680000,8.964419,1623155107
4.550000,8.968835,1623155108
2.240000,8.960396,1623155109
0.250000,8.959562,1623155110
0.000000,8.961328,1623155111
0.250000,8.957845,1623155112
0.000000,8.954754,1623155113
0.250000,8.954165,1623155114
0.750000,8.953674,1623155115
0.000000,8.955048,1623155116
0.000000,8.953380,1623155117
0.500000,8.954852,1623155118
0.250000,8.954312,1623155119
0.000000,8.960396,1623155120
0.000000,8.963781,1623155121
0.250000,8.956520,1623155122
0.000000,8.962800,1623155123
0.750000,8.953920,1623155124
0.000000,8.950829,1623155125
0.250000,8.957992,1623155126
0.000000,8.953822,1623155127
0.000000,8.956913,1623155128
0.250000,8.950142,1623155130
0.750000,8.953429,1623155131
0.000000,8.954067,1623155132
0.000000,8.957158,1623155133
0.000000,8.955931,1623155134
0.250000,8.954116,1623155135
0.000000,8.957550,1623155136
0.000000,8.953135,1623155137
0.500000,8.951074,1623155138
0.000000,8.954508,1623155139
0.000000,8.954705,1623155140
0.000000,8.956618,1623155141
0.000000,8.959709,1623155142
0.000000,8.954263,1623155143
0.250000,8.961328,1623155144
0.250000,8.944352,1623155145
0.250000,8.947345,1623155146
0.000000,8.951614,1623155147
0.250000,8.957648,1623155148
0.740000,8.957256,1623155149
0.000000,8.953674,1623155150
0.250000,8.956128,1623155151
0.000000,8.957207,1623155152
0.000000,8.959219,1623155153
0.000000,8.960396,1623155154
0.500000,8.957158,1623155155
0.250000,8.947051,1623155156
0.000000,8.952595,1623155157
0.250000,8.956863,1623155158
0.500000,8.956373,1623155159
0.000000,8.958581,1623155160
0.500000,8.962064,1623155161
0.000000,8.962359,1623155162
0.000000,8.962359,1623155163
0.500000,8.963340,1623155164
0.750000,8.962947,1623155165
0.000000,8.958679,1623155166
0.000000,8.956962,1623155167
0.000000,8.968933,1623155168
0.000000,8.970307,1623155169
0.000000,8.962457,1623155170
0.000000,8.973251,1623155171
0.000000,8.967952,1623155172
0.500000,8.963193,1623155173
0.000000,8.957256,1623155174
0.250000,8.953380,1623155175
0.750000,8.955588,1623155176
0.000000,8.953969,1623155177
0.000000,8.955048,1623155178
0.000000,8.953674,1623155179
59.180000,11.282713,1623155180
73.120000,10.752289,1623155181
54.800000,9.258652,1623155182
0.500000,9.248938,1623155183
0.000000,9.251882,1623155184
2.770000,9.041302,1623155185
0.250000,9.039192,1623155186
0.000000,9.039584,1623155187
0.000000,9.044000,1623155188
0.000000,9.040467,1623155189
0.000000,9.027760,1623155190
0.750000,9.029330,1623155191
2.270000,9.097675,1623155192
0.000000,9.100570,1623155193
0.000000,9.103269,1623155194
0.250000,9.102876,1623155195
0.000000,8.984535,1623155196
0.250000,8.979089,1623155197
0.000000,8.973496,1623155198
0.000000,8.965744,1623155199
0.000000,8.969816,1623155200
0.500000,8.968835,1623155201
0.740000,8.970209,1623155202
0.250000,8.965351,1623155203
0.000000,8.965842,1623155204
0.500000,8.966136,1623155205
0.250000,8.962800,1623155206
0.000000,8.965351,1623155207
0.000000,8.965351,1623155208
0.000000,8.964763,1623155209
0.000000,8.960200,1623155210
0.000000,8.959464,1623155211
0.000000,8.965646,1623155212
1.750000,8.966971,1623155213
0.000000,8.962359,1623155214
0.000000,8.965842,1623155215
0.000000,8.966431,1623155216
0.250000,8.960102,1623155217
0.000000,8.960249,1623155218
0.500000,8.961868,1623155219
4.760000,8.959660,1623155220
4.750000,8.960543,1623155221
4.020000,8.960936,1623155222
4.760000,8.965450,1623155223
4.270000,8.962898,1623155224
4.530000,8.961083,1623155225
3.810000,8.965351,1623155226
4.490000,8.970111,1623155227
4.960000,8.962800,1623155228
3.540000,8.966627,1623155229
4.520000,8.964959,1623155230
4.270000,8.962996,1623155231
3.300000,8.959071,1623155232
4.510000,8.962506,1623155233
0.750000,8.961574,1623155234
19.900000,9.894023,1623155235
75.810000,9.408884,1623155236
86.260000,9.274451,1623155237
0.250000,9.268661,1623155238
0.000000,9.262872,1623155239
0.000000,9.264344,1623155240
0.750000,9.060240,1623155241
0.000000,9.049348,1623155242
0.000000,9.050378,1623155243
0.250000,9.048318,1623155244
0.500000,9.046061,1623155245
0.250000,9.040418,1623155246
0.000000,9.044932,1623155247
1.270000,9.045815,1623155248
0.000000,9.051605,1623155249
0.500000,9.050673,1623155250
0.990000,8.998126,1623155251
0.000000,8.981640,1623155252
0.250000,8.984143,1623155253
0.000000,8.983603,1623155254
3.250000,8.974673,1623155255
0.000000,8.979138,1623155256
0.000000,8.974575,1623155257
0.250000,8.972466,1623155258
0.000000,8.978746,1623155259
0.000000,8.973790,1623155260
0.750000,8.982131,1623155261
0.000000,8.981150,1623155262
0.000000,8.974575,1623155263
0.000000,8.975164,1623155264
0.750000,8.981003,1623155265
0.000000,8.983456,1623155266
0.250000,8.977568,1623155267
0.000000,8.981248,1623155268
0.250000,8.978157,1623155269
0.250000,8.971877,1623155270
1.000000,8.973545,1623155271
1.000000,8.965253,1623155272
0.000000,8.971386,1623155273
0.000000,8.978451,1623155275
0.000000,8.971190,1623155276
0.000000,8.978549,1623155277
0.500000,8.983260,1623155278
2.760000,8.977764,1623155279
4.030000,8.970356,1623155280
4.520000,8.968050,1623155281
4.520000,8.973888,1623155282
4.270000,8.974624,1623155283
3.790000,8.974281,1623155284
4.030000,8.983652,1623155285
4.260000,8.978255,1623155286
4.740000,8.969816,1623155287
4.510000,8.979972,1623155288
4.240000,8.977912,1623155289
4.240000,8.978157,1623155290
4.750000,8.982965,1623155291
3.800000,8.982622,1623155292
1.250000,8.976979,1623155293
0.000000,8.978353,1623155294
0.000000,8.984045,1623155295
0.750000,8.989981,1623155296
0.000000,8.986351,1623155297
0.000000,8.983456,1623155298
0.000000,8.986547,1623155299
0.000000,8.984339,1623155300
0.750000,8.977519,1623155301
0.000000,8.977323,1623155302
0.000000,8.979285,1623155303
0.000000,8.981346,1623155304
0.000000,8.984339,1623155305
0.250000,8.985713,1623155306
0.250000,8.977225,1623155307
0.250000,8.976489,1623155308
0.000000,8.979776,1623155309
0.000000,8.983554,1623155310
0.500000,8.977225,1623155311
0.250000,8.979776,1623155312
0.000000,8.973888,1623155313
0.250000,8.979874,1623155314
0.000000,8.983946,1623155315
0.000000,8.985124,1623155316
0.250000,8.970797,1623155317
0.000000,8.973103,1623155318
0.500000,8.976293,1623155319
0.000000,8.980757,1623155320
0.000000,8.976881,1623155321
0.250000,8.980463,1623155322
0.000000,8.970552,1623155323
0.500000,8.976145,1623155324
0.000000,8.977421,1623155325
0.250000,8.981739,1623155326
0.000000,8.983897,1623155327
0.000000,8.980414,1623155328
0.000000,8.975851,1623155329
0.000000,8.970062,1623155330
0.000000,8.976145,1623155331
0.500000,8.973103,1623155332
0.000000,8.973251,1623155333
0.000000,8.983799,1623155334
0.250000,8.976145,1623155335
0.000000,8.983505,1623155336
0.000000,8.982033,1623155337
0.000000,8.979678,1623155338
0.000000,8.975655,1623155339
0.000000,8.978697,1623155340
0.250000,8.987234,1623155341
0.250000,8.985664,1623155342
0.000000,8.985860,1623155343
0.000000,8.979874,1623155344
0.000000,8.981886,1623155345
0.000000,8.987773,1623155346
0.000000,8.979040,1623155347
0.000000,8.975508,1623155348
0.250000,8.982327,1623155349
0.000000,8.982671,1623155350
0.000000,8.978108,1623155351
0.000000,8.981493,1623155352
0.000000,8.980070,1623155353
0.000000,8.981052,1623155354
0.000000,8.971926,1623155355
1.000000,8.984388,1623155356
0.250000,8.974428,1623155357
0.000000,8.978402,1623155358
0.250000,8.976244,1623155359
0.000000,8.978795,1623155360
0.000000,8.984388,1623155361
0.000000,8.976391,1623155362
41.410000,10.892119,1623155363
75.060000,10.513890,1623155364
58.520000,9.281614,1623155365
0.250000,9.279014,1623155366
0.000000,9.267876,1623155367
0.500000,9.270477,1623155368
0.500000,9.063380,1623155369
0.250000,9.050084,1623155370
0.000000,9.050133,1623155371
0.000000,9.049495,1623155372
0.000000,9.045717,1623155373
0.500000,9.047778,1623155374
2.990000,9.134080,1623155375
0.500000,9.141538,1623155376
0.000000,9.142716,1623155377
0.000000,9.135062,1623155378
0.500000,9.004062,1623155379
0.000000,8.994250,1623155380
0.000000,8.983799,1623155381
0.250000,8.991600,1623155382
0.000000,8.981248,1623155383
0.250000,8.991355,1623155384
0.500000,8.986988,1623155385
0.250000,8.987921,1623155386
0.000000,8.990619,1623155387
0.000000,8.990423,1623155388
0.000000,8.981542,1623155389
0.250000,8.984977,1623155390
0.000000,8.982524,1623155391
0.500000,8.974968,1623155392
0.000000,8.988411,1623155393
0.000000,8.988411,1623155394
0.500000,8.980659,1623155395
1.250000,8.979040,1623155396
1.760000,8.946707,1623155397
0.000000,8.958532,1623155398
0.250000,8.969473,1623155399
0.500000,8.979138,1623155400
0.000000,8.923500,1623155401
0.250000,8.917073,1623155402
3.510000,8.910940,1623155403
3.540000,8.914276,1623155404
3.790000,8.914276,1623155405
3.560000,8.919624,1623155406
4.290000,8.918545,1623155407
4.010000,8.908487,1623155408
4.510000,8.911480,1623155409
4.770000,8.910057,1623155410
4.500000,8.908438,1623155411
4.990000,8.912657,1623155412
4.250000,8.911676,1623155413
3.760000,8.909125,1623155414
4.250000,8.908438,1623155415
3.280000,8.910008,1623155416
1.500000,8.913541,1623155417
7.940000,9.139968,1623155418
89.590000,9.416833,1623155420
81.680000,9.540571,1623155421
13.220000,9.215035,1623155422
0.000000,9.202622,1623155423
0.000000,9.204045,1623155424
0.000000,9.202180,1623155425
0.250000,8.995918,1623155426
0.250000,8.990619,1623155427
0.500000,8.986498,1623155428
0.000000,8.989638,1623155429
0.000000,8.988068,1623155430
0.250000,8.990276,1623155431
3.250000,9.057345,1623155432
0.000000,9.061074,1623155433
0.000000,9.067747,1623155434
0.000000,9.061614,1623155435
0.500000,8.933951,1623155436
2.260000,8.924040,1623155437
0.000000,8.926199,1623155438
0.000000,8.930271,1623155439
0.000000,8.933362,1623155440
0.000000,8.928112,1623155441
0.250000,8.933706,1623155442
0.000000,8.923844,1623155443
0.000000,8.926101,1623155444
0.000000,8.916828,1623155445
0.990000,8.926591,1623155446
0.000000,8.921194,1623155447
0.250000,8.921145,1623155448
0.000000,8.924138,1623155449
0.000000,8.930075,1623155450
0.000000,8.921047,1623155451
0.250000,8.916828,1623155452
0.000000,8.924482,1623155453
0.500000,8.933068,1623155454
0.000000,8.934540,1623155455
0.000000,8.927867,1623155456
0.000000,8.930958,1623155457
0.000000,8.929143,1623155458
0.000000,8.932381,1623155459
0.500000,8.932086,1623155460
0.500000,8.923648,1623155461
0.500000,8.928603,1623155462
0.000000,8.929388,1623155463
0.250000,8.927180,1623155464
0.000000,8.932871,1623155465
0.000000,8.926542,1623155466
0.500000,8.925512,1623155467
0.000000,8.925806,1623155468
0.000000,8.928603,1623155469
0.250000,8.926591,1623155470
0.250000,8.929682,1623155471
0.250000,8.929584,1623155472
0.750000,8.928897,1623155473
1.000000,8.929388,1623155474
0.000000,8.931988,1623155475
0.500000,8.929780,1623155476
0.250000,8.928995,1623155477
0.000000,8.925316,1623155478
0.250000,8.931694,1623155479
3.030000,8.938268,1623155480
3.540000,8.930173,1623155481
4.520000,8.925463,1623155482
3.550000,8.928358,1623155483
4.040000,8.929731,1623155484
4.030000,8.922372,1623155485
3.790000,8.922764,1623155486
3.790000,8.919379,1623155487
4.990000,8.922470,1623155488
4.270000,8.928554,1623155489
4.250000,8.925463,1623155490
4.740000,8.921342,1623155491
2.780000,8.925463,1623155492
4.250000,8.925070,1623155493
0.750000,8.923746,1623155494
0.000000,8.928750,1623155495
0.250000,8.939004,1623155496
0.250000,8.928897,1623155497
0.000000,8.934932,1623155498
0.000000,8.934932,1623155499
0.000000,8.929339,1623155500
0.000000,8.933019,1623155501
0.000000,8.922568,1623155502
0.000000,8.925365,1623155503
1.240000,8.928063,1623155504
0.500000,8.926297,1623155505
1.250000,8.924776,1623155506
1.250000,8.929731,1623155507
0.750000,8.931645,1623155508
0.000000,8.937729,1623155509
58.150000,10.906446,1623155510
69.440000,10.513743,1623155511
56.310000,9.215182,1623155512
0.000000,9.214397,1623155513
0.000000,9.210227,1623155514
0.000000,9.209540,1623155515
0.500000,8.997439,1623155516
0.000000,8.998028,1623155517
0.000000,8.990325,1623155518
0.000000,8.993170,1623155519
0.000000,8.992778,1623155520
1.000000,8.998813,1623155521
2.510000,9.082564,1623155522
0.000000,9.085115,1623155523
0.000000,9.088206,1623155524
0.000000,9.094879,1623155525
0.000000,8.942684,1623155526
0.000000,8.938759,1623155527
0.000000,8.934294,1623155528
0.000000,8.938906,1623155529
0.000000,8.934294,1623155530
0.500000,8.934343,1623155531
0.250000,8.931645,1623155532
0.000000,8.935766,1623155533
0.000000,8.937042,1623155534
1.000000,8.938219,1623155535
0.000000,8.932528,1623155536
0.250000,8.931841,1623155537
0.000000,8.938318,1623155538
0.250000,8.938023,1623155539
1.250000,8.932724,1623155540
0.000000,8.927867,1623155541
1.250000,8.927720,1623155542
0.000000,8.936306,1623155543
0.000000,8.933019,1623155544
0.000000,8.921489,1623155545
0.000000,8.926150,1623155546
1.250000,8.930222,1623155547
0.250000,8.928112,1623155548
0.000000,8.931988,1623155549
0.500000,8.924531,1623155550
0.000000,8.924923,1623155551
0.000000,8.919134,1623155552
0.000000,8.921342,1623155553
0.000000,8.916779,1623155554
0.250000,8.914276,1623155555
0.000000,8.924433,1623155556
0.000000,8.914914,1623155557
0.000000,8.920458,1623155558
0.250000,8.924776,1623155560
0.000000,8.924433,1623155561
0.000000,8.918103,1623155562
0.250000,8.917858,1623155563
0.000000,8.920557,1623155564
0.250000,8.921734,1623155565
0.500000,8.915307,1623155566
0.000000,8.917073,1623155567
1.510000,8.914963,1623155568
0.000000,8.905543,1623155569
0.500000,8.907947,1623155570
0.000000,8.912510,1623155571
0.000000,8.910940,1623155572
0.500000,8.898772,1623155573
1.510000,8.909763,1623155574
4.500000,8.906672,1623155575
4.020000,8.907996,1623155576
5.000000,8.907211,1623155577
4.280000,8.904807,1623155578
5.220000,8.910989,1623155579
4.030000,8.907064,1623155580
4.750000,8.913491,1623155581
4.500000,8.913786,1623155582
4.510000,8.911284,1623155583
3.530000,8.911235,1623155584
4.510000,8.911480,1623155585
4.040000,8.910548,1623155586
5.010000,8.913590,1623155587
3.260000,8.910400,1623155588
0.000000,8.911087,1623155589
60.400000,10.746254,1623155590
75.440000,10.923863,1623155591
43.690000,9.225387,1623155592
0.000000,9.222394,1623155593
0.250000,9.225485,1623155594
0.000000,9.222247,1623155595
1.000000,9.011079,1623155596
0.000000,9.006712,1623155597
0.000000,8.997194,1623155598
0.250000,8.999058,1623155599
0.250000,8.993661,1623155600
0.250000,8.995035,1623155601
2.010000,9.014758,1623155602
0.250000,9.020253,1623155603
0.000000,9.034089,1623155604
0.000000,8.945186,1623155605
0.000000,8.941703,1623155606
0.000000,8.940329,1623155607
0.000000,8.932724,1623155608
0.000000,8.936012,1623155609
0.000000,8.926444,1623155610
0.250000,8.918692,1623155611
0.000000,8.914865,1623155612
0.500000,8.923255,1623155613
0.000000,8.917073,1623155614
0.000000,8.917858,1623155615
0.000000,8.914767,1623155616
0.000000,8.910499,1623155617
0.250000,8.906917,1623155618
0.000000,8.910989,1623155619
0.000000,8.910793,1623155620
0.500000,8.913786,1623155621
2.010000,8.910302,1623155622
1.500000,8.914865,1623155623
0.000000,8.910744,1623155624
0.500000,8.907849,1623155625
1.760000,8.910253,1623155626
0.250000,8.908438,1623155627
0.000000,8.907751,1623155628
0.000000,8.913442,1623155629
0.000000,8.916828,1623155630
0.000000,8.925414,1623155631
3.260000,8.925512,1623155632
5.240000,8.925708,1623155633
4.760000,8.927475,1623155634
5.030000,8.930467,1623155635
3.800000,8.926689,1623155636
4.010000,8.925119,1623155637
3.530000,8.927965,1623155638
4.490000,8.928505,1623155639
4.500000,8.932185,1623155640
5.470000,8.925806,1623155641
4.510000,8.928701,1623155642
5.000000,8.926984,1623155643
4.030000,8.924580,1623155644
3.540000,8.926003,1623155645
1.750000,8.925904,1623155646
3.020000,9.032912,1623155647
88.800000,9.353001,1623155648
79.700000,9.554455,1623155649
13.420000,9.246239,1623155650
0.250000,9.240891,1623155651
0.000000,9.239027,1623155652
1.000000,9.033157,1623155653
0.250000,9.026975,1623155654
0.000000,9.026190,1623155655
1.490000,9.021676,1623155656
0.000000,9.015494,1623155657
0.250000,9.017310,1623155658
0.250000,9.014611,1623155659
2.020000,9.069366,1623155660
0.000000,9.074959,1623155661
0.250000,9.085704,1623155662
3.260000,8.954312,1623155663
0.250000,8.952644,1623155664
0.250000,8.955931,1623155665
0.500000,8.950878,1623155666
0.000000,8.954361,1623155667
0.250000,8.954018,1623155668
0.000000,8.946462,1623155669
0.000000,8.939789,1623155670
0.750000,8.931596,1623155671
0.000000,8.937974,1623155672
0.000000,8.944450,1623155673
0.250000,8.944990,1623155674
0.000000,8.944352,1623155675
0.000000,8.950829,1623155676
0.250000,8.943175,1623155677
0.250000,8.942341,1623155678
0.250000,8.944745,1623155679
0.250000,8.937385,1623155680
2.490000,8.941359,1623155681
0.250000,8.930909,1623155682
0.250000,8.930271,1623155683
0.000000,8.936600,1623155684
0.000000,8.937189,1623155685
0.250000,8.936404,1623155686
2.510000,8.930615,1623155687
3.030000,8.925414,1623155688
4.270000,8.927818,1623155689
4.750000,8.927180,1623155690
4.270000,8.929535,1623155691
4.260000,8.923844,1623155692
4.510000,8.933607,1623155693
4.760000,8.929682,1623155694
4.740000,8.936110,1623155695
3.270000,8.929633,1623155696
4.010000,8.930811,1623155697
4.500000,8.929830,1623155698
4.260000,8.930909,1623155699
5.720000,8.925512,1623155700
3.250000,8.943567,1623155702
0.000000,8.942390,1623155703
74.500000,10.111079,1623155704
75.380000,10.505402,1623155705
29.950000,9.301190,1623155706
0.000000,9.299669,1623155707
0.000000,9.295450,1623155708
1.010000,9.244130,1623155709
0.000000,9.240597,1623155710
0.000000,9.235249,1623155711
0.000000,9.236476,1623155712
0.500000,9.033059,1623155713
0.250000,9.021627,1623155714
0.000000,9.019223,1623155715
0.250000,9.014513,1623155716
0.250000,9.012109,1623155717
0.000000,9.019321,1623155718
3.230000,9.042528,1623155719
0.000000,9.041547,1623155720
0.000000,9.048121,1623155721
0.740000,9.063773,1623155722
0.000000,8.965106,1623155723
0.000000,8.959464,1623155724
0.000000,8.946805,1623155725
0.250000,8.941065,1623155726
0.000000,8.950632,1623155727
0.000000,8.953478,1623155728
0.000000,8.949504,1623155729
0.750000,8.952693,1623155730
0.750000,8.949111,1623155731
0.250000,8.952153,1623155732
0.000000,8.950191,1623155733
0.000000,8.946119,1623155734
1.250000,8.936600,1623155735
0.000000,8.938268,1623155736
0.000000,8.936257,1623155737
0.250000,8.932381,1623155738
0.250000,8.932185,1623155739
2.750000,8.931498,1623155740
0.000000,8.920066,1623155741
0.000000,8.928946,1623155742
0.000000,8.928554,1623155743
0.000000,8.928407,1623155744
0.250000,8.934834,1623155745
0.250000,8.951663,1623155746
0.000000,8.942782,1623155747
0.000000,8.935864,1623155748
0.000000,8.934736,1623155749
0.000000,8.931645,1623155750
0.500000,8.935521,1623155751
0.000000,8.939593,1623155752
0.000000,8.940623,1623155753
0.000000,8.937827,1623155754
0.500000,8.931203,1623155755
0.250000,8.937483,1623155756
0.250000,8.936797,1623155757
0.250000,8.938612,1623155758
0.000000,8.940476,1623155759
0.000000,8.944892,1623155760
0.500000,8.937336,1623155761
0.000000,8.944598,1623155762
0.000000,8.943126,1623155763
0.000000,8.941359,1623155764
0.250000,8.946855,1623155765
0.000000,8.943273,1623155766
0.250000,8.934687,1623155767
0.000000,8.945334,1623155768
0.000000,8.943371,1623155769
0.000000,8.952252,1623155770
0.000000,8.949847,1623155771
0.500000,8.944549,1623155772
0.000000,8.943273,1623155773
0.990000,8.943960,1623155774
0.500000,8.947051,1623155775
2.260000,8.947541,1623155776
0.000000,8.950632,1623155777
0.500000,8.946315,1623155778
0.000000,8.944647,1623155779
0.000000,8.934196,1623155780
0.000000,8.928946,1623155781
2.500000,8.937385,1623155782
4.030000,8.933607,1623155783
3.790000,8.930860,1623155784
4.300000,8.934049,1623155785
4.520000,8.934000,1623155786
4.260000,8.937876,1623155787
3.780000,8.933607,1623155788
5.240000,8.940378,1623155789
4.490000,8.944794,1623155790
4.770000,8.937189,1623155791
3.540000,8.937385,1623155792
5.220000,8.942537,1623155793
3.790000,8.935374,1623155794
3.540000,8.921440,1623155795
2.510000,8.929388,1623155796
0.000000,8.927622,1623155797
66.250000,10.453787,1623155798
74.680000,11.154854,1623155799
36.520000,9.228037,1623155800
0.250000,9.227154,1623155801
0.000000,9.230294,1623155802
0.250000,9.226712,1623155803
0.250000,9.040222,1623155804
0.250000,9.037965,1623155805
0.500000,9.034874,1623155806
0.250000,9.024767,1623155807
0.000000,9.016426,1623155808
0.000000,9.015592,1623155809
2.530000,9.063086,1623155810
0.250000,9.055824,1623155811
0.000000,9.051507,1623155812
0.000000,9.046110,1623155813
0.500000,8.977421,1623155814
0.750000,8.965302,1623155815
0.000000,8.962555,1623155816
0.250000,8.963045,1623155817
0.000000,8.960347,1623155818
0.000000,8.961524,1623155819
0.000000,8.962260,1623155820
0.500000,8.954508,1623155821
0.000000,8.945039,1623155822
0.000000,8.947885,1623155823
0.000000,8.946805,1623155824
0.250000,8.950976,1623155825
0.000000,8.953282,1623155826
0.000000,8.954754,1623155827
0.250000,8.951368,1623155828
0.000000,8.947443,1623155829
0.000000,8.950485,1623155830
0.000000,8.951565,1623155831
1.510000,8.944254,1623155833
0.000000,8.951270,1623155834
0.000000,8.951172,1623155835
1.250000,8.944107,1623155836
0.500000,8.946855,1623155837
0.000000,8.944843,1623155838
0.000000,8.944941,1623155839
0.250000,8.954116,1623155840
1.750000,8.957403,1623155841
0.000000,8.957403,1623155842
0.000000,8.956128,1623155843
0.000000,8.946805,1623155844
0.500000,8.954410,1623155845
0.250000,8.950829,1623155846
0.250000,8.956226,1623155847
3.300000,8.959317,1623155848
3.530000,8.956618,1623155849
4.490000,8.951123,1623155850
4.750000,8.945039,1623155851
3.770000,8.938023,1623155852
4.260000,8.940476,1623155853
4.500000,8.940869,1623155854
4.000000,8.947296,1623155855
4.750000,8.947738,1623155856
3.530000,8.944352,1623155857
4.250000,8.941899,1623155858
4.500000,8.952742,1623155859
4.250000,8.955539,1623155860
4.750000,8.964223,1623155861
0.500000,8.962653,1623155862
0.000000,8.966676,1623155863
0.500000,8.961917,1623155864
1.250000,8.956716,1623155865
1.990000,8.957501,1623155866
0.750000,8.953135,1623155867
1.240000,8.955637,1623155868
0.500000,8.959611,1623155869
0.750000,8.958924,1623155870
1.500000,8.956128,1623155871
0.750000,8.955343,1623155872
1.490000,8.956520,1623155873
1.740000,8.949504,1623155874
0.750000,8.956716,1623155875
0.750000,8.949161,1623155876
0.000000,8.942341,1623155877
80.300000,9.606561,1623155878
75.380000,10.699153,1623155879
25.940000,9.267140,1623155880
1.000000,9.252127,1623155881
0.000000,9.244767,1623155882
1.000000,9.033795,1623155883
0.250000,9.029281,1623155884
0.000000,9.034482,1623155885
0.000000,9.033942,1623155886
0.740000,9.036101,1623155887
0.500000,9.033648,1623155888
0.000000,9.028938,1623155889
1.770000,9.101061,1623155890
0.000000,9.103759,1623155891
0.250000,9.110628,1623155892
0.000000,9.113817,1623155893
0.500000,8.976636,1623155894
0.250000,8.972368,1623155895
0.750000,8.972466,1623155896
0.250000,8.972662,1623155897
0.500000,8.972220,1623155898
0.000000,8.970601,1623155899
0.000000,8.969620,1623155900
0.000000,8.966971,1623155901
0.000000,8.963978,1623155902
0.000000,8.966186,1623155903
0.000000,8.966431,1623155904
0.000000,8.968884,1623155905
0.250000,8.971043,1623155906
0.000000,8.962947,1623155907
0.250000,8.965744,1623155908
1.000000,8.967020,1623155909
0.000000,8.969129,1623155910
2.020000,8.967118,1623155911
0.000000,8.959954,1623155912
0.000000,8.954950,1623155913
0.000000,8.946217,1623155914
0.000000,8.950681,1623155915
0.000000,8.950191,1623155916
0.000000,8.950191,1623155917
0.000000,8.944254,1623155918
0.250000,8.945383,1623155919
0.000000,8.951025,1623155920
0.500000,8.952987,1623155921
0.000000,8.963830,1623155922
0.000000,8.955980,1623155923
0.000000,8.957845,1623155924
0.250000,8.954361,1623155925
0.250000,8.953723,1623155926
0.000000,8.954852,1623155927
0.000000,8.960838,1623155928
0.000000,8.961524,1623155929
0.000000,8.958728,1623155930
0.000000,8.958728,1623155931
0.000000,8.955980,1623155932
0.000000,8.959758,1623155933
0.250000,8.962162,1623155934
0.000000,8.963634,1623155935
0.500000,8.952644,1623155936
0.500000,8.952889,1623155937
0.500000,8.957060,1623155938
0.000000,8.960739,1623155939
0.250000,8.963536,1623155940
0.500000,8.959071,1623155941
0.000000,8.957992,1623155942
0.000000,8.960249,1623155943
0.000000,8.958434,1623155944
0.000000,8.961966,1623155945
0.000000,8.950731,1623155946
0.000000,8.950485,1623155947
0.000000,8.956863,1623155948
0.000000,8.953478,1623155949
0.000000,8.962555,1623155950
0.000000,8.962162,1623155951
0.000000,8.955784,1623155952
0.000000,8.958875,1623155953
0.250000,8.962064,1623155954
0.500000,8.962064,1623155955
0.000000,8.959856,1623155956
0.000000,8.958777,1623155957
0.000000,8.954361,1623155958
0.500000,8.952987,1623155959
0.000000,8.951270,1623155960
0.250000,8.947738,1623155961
0.000000,8.953184,1623155962
0.250000,8.942292,1623155963
0.000000,8.946707,1623155964
0.250000,