# Command: ../../src/evaluation/power_monitoring/convert-raw-power-monitoring-files.sh eth/7_nodes/mqttsn/256 ../time/eth/7_nodes/mqttsn/256 2021-06-10-mqttsn-eth-7-nodes-256-results.txt
4.734207464847294
4.784091466479843
4.7462532558010615
4.783009170144777
4.752680077032902
4.7572777182559225
4.753985130392845
4.755562549862602
4.761087415162068
4.758787484496831
4.762493339293522
4.750521952625776
4.7573494537340375
4.75706615893376
4.75317384107576
4.746576900657679
4.753495638132082
4.762473164280271
4.760506304111739
4.758045738226848
4.7597494929499105
4.75342449611426
4.750092383275439
4.743814041253609
4.754982277250945
4.750562149021351
4.746303468181038
4.751870071947568
4.751860591977844
4.660330499215266
4.663659116718505
4.671861149907119
4.703671931852904
4.653924948404228
4.696701642579496
4.673562866591745
4.702534933636594
4.682820066399044
4.682384785940261
4.6864994293418105
4.677720190842952
4.675799009723815
4.707901867955915
4.680054873165145
4.704929078174956
8.161200666401154
4.699916347073187
4.687617407888179
4.705940478692454
4.705061339514114
4.679296220713188
8.161363588051666
4.70452116210927
4.663475995014105
4.689814843856631
8.156992656045475
4.6962401445971675
4.681287261777462
4.704161136335788
4.590218239108712
4.610627487692567
4.612319458246248
4.612622080302901
4.604124636494456
4.610143008742062
4.608984166999667
4.611118357953104
4.6384955254130995
4.605610211690256
4.613996353440803
4.607098919057191
4.615206919011142
4.609181139452585
4.622321278774066
4.619518718855252
4.610721642345199
4.617668315304643
4.617232715970939
4.610451407869653
4.612400691787401
4.611310587909488
4.633225293139615
4.604429204199054
4.597517765684251
4.62183949924509
4.605806017302803
4.616438376661806
4.608363315787572
4.608042899082092
4.685651728547286
4.70918327366974
4.6982539352576
4.709774462173369
4.6807444928752
4.711426387558374
4.698319166332474
4.7043242278231485
4.709159390780655
4.707029447240973
4.685488019933316
4.702820703791239
4.7044344429174965
4.702204535457823
4.7106324717799755
4.679273374352179
4.696678591181842
4.709533041063281
4.695595070120351
4.709036862462756
4.758846171518155
4.69876827893985
4.705503610713621
4.703035113354514
4.688535925530731
4.706376021626929
4.680452295862966
4.701339509814962
4.704189124789531
4.702552423169211
4.610924138791036
4.633000807089925
4.627101363364202
4.628882262753116
4.6486229358613445
4.63348060965208
4.623981403387254
4.6342799634436584
4.632303120444227
4.6334258403380835
4.632639887796502
4.62552038182485
4.631690587477546
4.6314875751005316
4.629727426234244
4.627670215401387
4.631056780431003
4.629103241890665
4.643411347180615
4.631925000912612
4.625936858091087
4.631228611263967
4.629407793223837
4.625316270271938
4.621454309817837
4.630166850166184
4.62510540939369
4.627480673564822
4.628432383649873
4.629801780859629
4.744496178285951
4.765466759853876
4.761680541356409
4.767830750104454
4.76290627380874
4.7730879841115845
4.769148686614303
4.770240143146773
4.774047126813068
4.766374511291587
4.775983383764842
4.765982309136151
4.769886413137108
4.770739868097809
4.77344340759515
4.773066104713415
4.764289185484234
4.764020744694611
4.761342747012789
4.770189685708956
4.768632215542925
4.763892300900506
4.768312943677095
4.767196839604115
4.758245923803902
4.768287006401359
4.767457639826662
4.759908966299568
4.771658863143779
4.768263858877959
4.666558891114275
4.690770979166012
4.684020470013219
4.692881529702064
4.691183167596661
4.696511252515848
4.687950923148144
4.689466300467636
4.692331051584736
4.687329140242605
4.696665904518644
4.686033182263394
4.691249074684255
4.695071113695694
4.694386351545647
4.694979085581168
4.687578842861772
4.692989106843872
4.697450820611574
4.692565418803028
4.6911780975328705
4.689939345820091
4.688452260166401
4.683700639132012
4.677074948251264
4.68892418596479
4.684110386682884
4.683905957867697
4.687528386854475
4.690259150769963
