# Command: ./convert-raw-power-monitoring-files.sh <PATH_TO_THESIS_REPO>/Results/power_usage/coap/64 <PATH_TO_THESIS_REPO>/Results/time/coap/64 2021-05-12-coap-64-results.txt
46937.22299555937
46824.681943555675
46714.394520786074
46865.5700319012
46724.89564283027
46971.08702507284
46948.36084481743
46750.98109679089
46928.57793635793
46932.06705911292
47013.45077733199
46694.36224397685
46887.87359893322
46969.903994467524
45764.518684248134
46974.23019260168
46862.498308089045
46942.02053411139
46846.20027028852
46947.97835197714
47005.50089150667
47007.22906165653
47097.02934728728
46904.8007696867
47069.68180706104
46824.785660372836
46960.24106711149
47013.70824466149
46930.55470701721
46817.84862809711
