# Command: ../../src/evaluation/power_monitoring/convert-raw-power-monitoring-files.sh eth/7_nodes/coap/256 ../time/eth/7_nodes/coap/256 2021-06-10-coap-eth-7-nodes-256-results.txt
2.240249249580834
2.184696196589203
2.236201384941739
2.182512826313576
2.1929677371117773
2.1749304715262494
2.1651699020233433
2.1898617662125166
2.192473327842019
2.185398725956678
2.198188116076922
2.1760700471533645
2.1788741632534454
2.2237328497800513
2.1864032723108964
2.197516009105576
2.1833825218710645
2.2065086503624918
2.171394626975058
2.1677402747670844
2.161841943681242
2.1787845499118164
2.1946450169781833
2.197487190537979
2.190148867401811
2.19570586492618
2.189823409100376
2.2370249733891696
2.195015204916398
2.204495288680001
2.1231035611497044
2.208400592012537
2.156018517047164
2.1569037211636695
2.1491183261606426
2.150894685135944
2.1641710164050245
2.1248480301466306
2.153929663740922
2.1701017901864326
2.1577944382164187
2.1592172603011166
2.1990707034832897
2.124461401568518
2.1737809662156637
2.1460035253928726
2.147761313070854
2.160593299537898
2.156918500956563
2.1501949233942517
2.166966954744527
2.1276655318902606
2.163844297862717
2.122653773887289
2.125596662372353
2.1241302291419806
2.1781827346517004
2.1655531688564365
2.147651868873176
2.0973455957505425
2.15175747946898
2.1051687024301935
2.1037298725280524
2.084726150092154
2.092553995298011
2.1334439772731755
2.0969012949665444
2.1375391889446327
2.1140534406536124
2.098431798888576
2.131999170051684
2.1866454441547405
2.0828254804743622
2.157177131944233
2.129823688848149
2.1364915595451945
2.109966546171239
2.1011771656539704
2.1325436095893373
2.098349223620363
2.1172974075045836
2.106619251436658
2.119034755071007
2.1472307363814824
2.1030501145190628
2.1123469753066693
2.1905145995418236
2.1601175846325056
2.168155365453829
2.147697423236235
2.1432136050396493
2.1379539405239933
2.142889657338459
2.1627768249876005
2.1606825086110155
2.1612059320476384
2.1564001366264307
2.1437227080000807
2.1707169774737594
2.1404549436105627
2.1468003475930906
2.164438090857532
2.185583899034398
2.1487246775627202
2.15761386352115
2.139674948450591
2.1561850228110933
2.149793141235908
2.153235281384654
2.1553215505149677
2.159032415943016
2.154470403042104
2.198401658432349
2.162445448898607
2.144941293398538
2.0941099436779815
2.152043022053118
2.0998808924886885
2.0959058421916423
2.1101834411058125
2.1112357232504446
2.1020474793646073
2.0941099222832222
2.0954947745071495
2.0973317270808725
2.116486951275005
2.1004507812327766
2.142548899349239
2.1135449775523605
2.120267891857359
2.104549864610035
2.1211870274610063
2.1008148886097753
2.134249860889387
2.101679282936784
2.098271377633017
2.100026487578945
2.105586968931887
2.0999190878934324
2.0946719195577854
2.090844689683778
2.147992559575373
2.0934926856391995
2.272077289303147
2.229316645595763
2.2529136711921955
2.232324277404284
2.1979255396425756
2.1802289253903777
2.18209980154369
2.238392771522205
2.195651294625468
2.1960838182071827
2.1962030066781577
2.1850243676635976
2.1885824232035196
2.2384308185345616
2.1799584410356165
2.214937667962575
2.203906559682555
2.221524749262466
2.1989868827097983
2.2012502828737075
2.195188188579348
2.191058050059608
2.2043893920977893
2.207528708226149
2.200429747935799
2.2349362834261504
2.23248054414325
2.2884254877302364
2.1966718421744007
2.1974691635204695
2.1844522023664603
2.2408956427706626
2.1821913754079056
2.1797270187238813
2.1802676456669956
2.1487208967473728
2.1886124739348927
2.1455558688673673
2.147777737375768
2.168702679355942
2.187905433826977
2.151385739025145
2.209100869536402
2.1811646473076607
2.2172954746186746
2.156376101791856
2.2090817206766857
2.150402380158503
2.151898603932727
2.1487709976004217
2.163207858363792
2.159731160557934
2.155460691975222
2.1513956452740595
2.151696567068491
2.1642784417569683
2.1890261343452635
