# Command: ./convert-raw-power-monitoring-files.sh <PATH_TO_THESIS_REPO>/Results/power_usage/coap/128 <PATH_TO_THESIS_REPO>/Results/time/coap/128 2021-05-12-coap-128-results.txt
29945.457290775244
30165.29777844747
30074.76751546065
30193.076196776496
30274.76272639301
30059.605732725726
30132.626984781687
30173.229096531868
30190.997608701386
30113.78250757853
30133.866804937523
30064.03005785412
30153.48693801297
30182.978831993212
30129.84021378888
30175.958013865682
29850.250043107404
29979.208771718873
30225.287608073817
30151.367880205315
30026.798812978795
30095.140542950892
29979.74457088444
30124.63928543859
29915.812563498814
30090.226793487866
30197.119851542844
30236.689839429324
30021.18394060267
30103.81371928586
