# Command: ../../src/evaluation/power_monitoring/convert-raw-power-monitoring-files.sh eth/single_node/coap/32 ../time/eth/single_node/coap/32 2021-06-10-coap-eth-single-node-32-results.txt
8.024062362293387
7.991309740526793
8.034356158322735
8.042366759528669
8.038707093924282
8.055948256846934
8.03734872542486
8.037274940162915
8.02496711604461
8.02270556271736
8.057612649427528
8.017594902869734
8.066835647785032
8.04742136667175
8.00063263095747
7.99849603169828
8.048829863389315
8.042047387384711
8.027072343617679
8.057119787954601
8.051996805598298
8.02465874400075
8.011517804722011
8.010726292785664
8.007012223462265
8.034580681973072
8.056972010162127
8.064013903876134
8.054193319469674
8.0321214642922
