# Command: ./convert-raw-power-monitoring-files.sh <PATH_TO_THESIS_REPO>/Results/power_usage/coap/256 <PATH_TO_THESIS_REPO>/Results/time/coap/512 2021-05-12-coap-256-results.txt
21762.348056170675
21790.406409766936
21604.4512588448
21716.970800922976
21826.59083392885
21755.66297666894
26385.711919036177
21819.42905889617
21818.069463041094
21810.352548791303
21806.4292547769
21842.95007566611
21768.610112766426
21790.63306619724
21773.54491982195
21531.998653610546
21588.021696441705
21827.69074605571
21749.445560773212
21835.58421028985
21737.17783315314
21613.735774026976
21719.576228260994
21748.579358624087
21769.800155361496
21789.045243263245
21786.64312356048
21796.88568264246
21733.284086419477
21552.018796172408
