# Command: ../../src/evaluation/power_monitoring/convert-raw-power-monitoring-files.sh wireless/single_node/node10/mqttsn/512 ../time/wireless/single_node/node10/mqttsn/512 2021-06-23-mqttsn-wireless-single-node-node-10-512-results.txt 1
4.6665369565943795
4.66244475879737
4.649047746363592
14.105110812413008
4.671030585313177
4.64952628912993
4.6661822010715674
4.639617653409304
7.795729795018497
4.672233179480517
7.805890207341959
10.9630042419774
10.946443515941464
10.950909606897207
4.652031842599623
4.640845728660311
4.656973509556719
10.913194998694562
7.834945965276135
7.768013952618528
4.651721344413712
4.654042720669502
4.63611838429473
4.653818605995847
7.796263284038856
4.67526578124597
7.792100338327845
