# Command: ./convert-raw-power-monitoring-files.sh $PATH_TO_THESIS_REPO/Results/power_usage/eth/single_node/mqttsn/128 $PATH_TO_THESIS_REPO/Results/time/eth/single_node/mqttsn/128 2021-06-10-mqttsn-eth-single-node-128-results.txt
2.9741133128537136
2.9748879846500005
2.972191783855361
2.9707505928211786
2.971576780243049
2.9733548001481407
2.9764027746948942
2.9692954023281763
6.4503325903680615
2.9741271768675857
2.9779471363458287
2.971981143524239
2.98466118379433
2.971836012797232
2.970978055841393
2.97408646125926
2.9672815134757085
2.973399225870768
2.9812819690108423
2.97164133898749
2.9713541292481946
2.9745448040796707
2.9724167604578855
2.97924590959483
2.985333245976109
2.9795954897999914
2.972297736893096
2.9777125347621065
2.9801052158309322
2.971373857696848
