# Command: ./convert-raw-power-monitoring-files.sh $PATH_TO_THESIS_REPO/Results/power_usage/eth/single_node/coap/128 $PATH_TO_THESIS_REPO/Results/time/eth/single_node/coap/128 2021-06-10-coap-eth-single-node-128-results.txt
2.9945457290775273
3.0165297778447475
3.0074767515460645
3.019307619677651
3.0274762726393014
3.005960573272562
3.0132626984781696
3.017322909653189
3.0190997608701515
3.011378250757861
3.013386680493758
3.006403005785412
3.015348693801295
3.0182978831993252
3.0129840213788905
3.017595801386565
2.985025004310747
2.997920877171899
3.0225287608073907
3.015136788020536
3.0026798812978766
3.0095140542950785
2.9979744570884366
3.0124639285438573
2.991581256349881
3.0090226793487815
3.0197119851542875
3.0236689839429247
3.0021183940602736
3.010381371928592
