# Command: ../../src/evaluation/power_monitoring/convert-raw-power-monitoring-files.sh wireless/single_node/node10/coap/512 ../time/wireless/single_node/node10/coap/512 2021-06-21-coap-wireless-single-node-node-10-512-results.txt 1
3.691134234551895
4.1309756514936895
3.724212342918579
3.7333355496803815
4.119551841268599
4.132543163236327
3.7190821298347574
3.7132774889376368
3.7347201857004038
3.6993432256125813
4.130288590685869
3.7077605647060694
4.134851707093231
3.705422007519328
3.689002796794634
4.121986940858405
4.140317990724582
3.719424853789806
4.123593196476829
3.708945711917675
3.718504407578364
4.142438830717066
3.7191947416454516
3.703880128943262
4.12545868360103
4.141947788800452
4.125388415435947
3.688503150510782
3.717216398920953
