# Command: ../../src/evaluation/power_monitoring/convert-raw-power-monitoring-files.sh wireless/single_node/node10/mqttsn/256 ../time/wireless/single_node/node10/mqttsn/256 2021-06-23-mqttsn-wireless-single-node-node-10-256-results.txt 1
9.438265813384767
9.431888404327974
12.57014849212702
9.41896907609331
9.441935633574937
12.58465745730527
12.572378514337212
6.270026749203266
9.444416595281437
12.56473311023713
6.268451608541938
12.593725933997526
9.466115842907925
9.4176187611716
12.594893988315068
9.403839028033662
9.446561376127526
6.276068992528021
18.91311922008161
6.288723502210418
