# Command: ../../src/evaluation/power_monitoring/convert-raw-power-monitoring-files.sh wireless/single_node/node10/coap/256 ../time/wireless/single_node/node10/coap/256 2021-06-21-coap-wireless-single-node-node-10-256-results.txt 1
5.124913979003498
5.596401958066201
5.150172966034864
5.148832295611156
5.169068626635957
4.743655589320275
5.546612622171284
4.750572515675401
4.7326993620621
4.742690143096767
5.602490023984528
4.744289060911209
4.7343578415390395
6.020899689957818
5.192129850275983
4.731020625835983
5.142145495494535
4.727208346814266
4.7200108143220305
4.759010292831081
5.141142632793396
4.766404487136326
5.145052722040186
4.733797581084223
5.145690984891509
