# Command: ../../src/evaluation/power_monitoring/convert-raw-power-monitoring-files.sh wireless/single_node/node10/coap/128 ../time/wireless/single_node/node10/coap/128 2021-06-21-coap-wireless-single-node-node-10-128-results.txt 1
6.945716376792351
6.509620762090526
7.335766439477282
6.466027506402449
6.933394916952627
7.356984180498113
7.821574306257545
6.946080832143648
6.509510691673865
7.356675534347758
7.3633432751734675
7.355549197291981
6.514866094883902
6.923837342770933
7.750899908403209
7.358883150646442
7.36402037090291
6.935111858899367
7.374079927458021
6.9710575587553985
6.896230225051486
6.929882437411239
7.3776986560321545
9.896070922442577
6.949737152087076
6.940193164783393
7.736607435262892
6.501074324483016
