# Command: ../../src/evaluation/power_monitoring/convert-raw-power-monitoring-files.sh eth/7_nodes/coap/32 ../time/eth/7_nodes/coap/32 2021-06-10-coap-eth-7-nodes-32-results.txt
8.303141287614913
8.306072536816156
8.279227502259968
8.264270624263418
8.301316238370198
8.299075564672549
8.288108326335736
8.270365442309144
8.33216976363791
8.293327520936723
8.274747687684178
8.25768085349932
8.266969232052586
8.265983491675719
8.310979128953472
8.268237190286326
8.286901046888717
8.247456980695308
8.24798951051302
8.231779936018897
8.267631597783849
8.30046200980412
8.32030773944656
8.31512591737505
9.0422275494734
8.30361847777498
8.353488731927358
8.286423155347535
8.120765606472867
8.118209747552871
8.090474842846394
8.065022941589346
8.073118081159068
8.12377733284897
8.132262199193228
8.123600500298881
8.130643103933973
8.113988728218619
8.074225988202633
8.098799793561277
8.11408195175727
8.083650346431526
8.082552883790616
8.122475283427367
8.105619546473037
8.116897724082106
8.142002994474423
8.072380533539652
8.142307290007697
8.07177704402803
8.106802862501794
8.13316931520567
8.680026298410358
8.0876228884359
8.133063032027781
8.06679650644127
7.961135607361794
7.985925218837118
7.968770143912915
7.945452198117983
7.939226657870731
7.973400678224061
7.965701966514171
7.972997637778501
8.03621084228491
7.998029322809635
7.971814027478284
7.96475524776178
7.984861219124671
8.000681715071215
7.960213821440902
7.971120643807801
8.008126693205716
7.972388508064873
7.980187978532576
7.967459914826669
7.938789483871706
7.970292628457129
7.955557017329649
7.9731193729572505
7.9864674002230025
7.9988066700663625
7.974973053879215
8.024501693420948
7.966521003911896
8.11845430006585
8.122318417502774
8.123246653682646
8.100113709704756
8.084684436394081
8.125742652621554
8.102615352640576
8.117948603901572
8.167311062918744
8.126089003235107
8.112053398897242
8.112344442606005
8.103694631275198
8.106777608162824
8.120361284669901
8.093623235169392
8.151321777979517
8.119265332437193
8.124808035267716
8.133418939580539
8.09929734587998
8.140445194996053
8.107427217324608
8.148617884573024
8.140115193264384
8.71843025525076
8.12186450955934
8.146971273531518
8.09592700484723
7.987767823947849
8.016164171874546
7.993806777450781
7.990346981369769
7.982479784571461
8.016602783550846
8.005764220751006
7.995209510246898
8.040926833238824
8.005078402764273
8.000287313666599
7.990327224443305
7.990070934553972
7.987322257237302
7.995882481210753
8.012792120847415
8.026861070146198
7.997863919334299
8.006713077770298
8.016514650377932
7.982802719136084
8.015855000995932
7.991281256354534
8.015424232251112
8.012561736908204
8.01083765417006
8.006382162895457
8.055256540341501
7.981457816173632
8.151371828754744
8.196002568254873
8.181677129821628
8.180512598200053
8.154327046841361
8.1632323449751
8.158408341219038
8.159635595195802
8.190576152612762
8.159351817998628
8.151284104231307
8.133755091114182
8.142249960343044
8.144061538878427
8.169098266382978
8.155970423079237
8.182713279760565
8.146042680160848
8.15274275091624
8.164383387323886
8.145312310761872
8.16716572358546
8.150759417576923
8.1757407440245
8.171079432656333
8.22902928696735
8.205714834209909
8.24866218127477
8.17249346088042
8.107809365666588
8.113984161453136
8.058596313019587
8.092293680522177
8.067765914118963
8.08362266271314
8.122597920980729
8.084197643968778
8.621371224357011
8.083388499346055
8.06927657813163
8.067902795675742
8.094720442546723
8.106121759795474
8.11122236276666
8.122443302068438
8.112789963808291
8.069036398510129
8.08571822698246
8.112873317867509
8.062496763828717
8.098591293838311
8.068627814143893
8.131492329113993
8.12769856165182
8.143341334780036
8.10945984153285
8.136629299683717
8.067557160880819
