# Command: ../../src/evaluation/power_monitoring/convert-raw-power-monitoring-files.sh eth/single_node/coap/256 ../time/eth/single_node/coap/256 2021-06-10-coap-eth-single-node-256-results.txt
2.17623480561707
2.17904064097669
2.160445125884481
2.1716970800922986
2.1826590833928856
2.175566297666896
2.638571191903626
2.1819429058896165
2.1818069463041065
2.1810352548791285
2.1806429254776907
2.1842950075666123
2.1768610112766495
2.179063306619724
2.1773544919821926
2.1531998653610582
2.158802169644166
2.1827690746055706
2.1749445560773184
2.183558421028984
2.173717783315314
2.1613735774026996
2.171957622826098
2.1748579358624083
2.176980015536148
2.1789045243263243
2.1786643123560507
2.1796885682642504
2.1733284086419458
2.155201879617236
