# Command: ../../src/evaluation/power_monitoring/convert-raw-power-monitoring-files.sh eth/single_node/mqttsn/256 ../time/eth/single_node/mqttsn/256 2021-06-10-mqttsn-eth-single-node-256-results.txt
2.154224670923418
2.1385483950409636
2.149396488149963
2.1360082712074164
2.1426083341174693
2.1416187270051887
2.150060618324414
2.149499714099698
2.1407429398165823
2.1433158356514257
2.1396827901204474
2.146059117151634
2.142230791333647
2.13733718802863
2.1489436236884845
2.1421580657925836
2.1388508471780385
2.1442106034225907
2.155570552359027
2.141855639136501
2.1403713965548374
2.143518290989924
2.1437497724559544
2.146703535854819
2.146251806676382
2.144920476320717
2.1416411232120445
2.138638182792394
2.14138294132882
2.143595274262959
