# Command: ../../src/evaluation/power_monitoring/convert-raw-power-monitoring-files.sh wireless/single_node/node10/coap/64 ../time/wireless/single_node/node10/coap/64 2021-06-21-coap-wireless-single-node-node-10-64-results.txt 1
11.940515265756817
11.089060519425015
11.519887150176006
11.520888656297288
11.94469258295299
11.124125013264834
11.938529154485837
11.961960549484678
11.957401798951347
11.979229614335605
11.519382532854795
11.52869558362588
11.499361837978729
11.936778363183748
11.092034194654225
11.507046680301164
11.529027540624476
11.962676666233296
11.503852870570318
11.446146230892722
12.360233198278483
11.962250528868777
11.54159073151343
11.13344009750195
11.935338171398534
11.960222026477886
11.489230962743154
11.958473238557813
