# Command: ../../src/evaluation/power_monitoring/convert-raw-power-monitoring-files.sh eth/single_node/coap/512 ../time/eth/single_node/coap/512 2021-06-10-coap-eth-single-node-512-results.txt
1.7406798283192841
1.7622049941255018
1.7438782605926177
1.763615225063429
1.7650722150902
1.739707509246137
1.742378083093297
1.7601837871836334
1.7429381193253723
1.7561778884927448
1.75882565562924
1.7637625425292363
1.7611587586866502
1.762291354835036
1.762145128644176
1.7615544270575114
1.7639054111407855
1.7600534765455458
1.7579744294848743
1.7582433185709812
1.7602742934789914
1.7613654216792862
1.7434495562679249
1.7430132559041158
1.7642046931783357
1.7507554105056709
1.7618787518739687
1.7448922455675104
1.7614599022699704
1.7652730563216745
