# Command: ../../src/evaluation/power_monitoring/convert-raw-power-monitoring-files.sh eth/single_node/mqttsn/64 ../time/eth/single_node/mqttsn/64 2021-06-10-mqttsn-eth-single-node-64-results.txt
4.674789398110575
4.680018701493749
4.6620795780056055
4.668973907589912
4.668701413542037
4.6702780628237415
4.671933241132234
4.673902306146099
4.669645318408789
4.669578405453107
4.668492926670429
4.668244338042218
4.678188781191894
4.664311459243307
4.669557445701603
4.680094354685812
4.666980540908038
4.669953569763234
4.669786973469787
4.667246836168895
4.679406778226307
4.671795072240952
4.680601402219788
4.673134255654289
4.673555377996632
4.6671594250533435
4.681486228661406
4.673237221224442
4.672579295072292
4.66847981036371
