# Command: ./convert-raw-power-monitoring-files.sh <PATH_TO_THESIS_REPO>/Results/power_usage/mqttsn/256 <PATH_TO_THESIS_REPO>/Results/time/mqttsn/256 2021-05-12-mqttsn-256-results.txt
21542.246709234183
21385.483950409627
21493.964881499607
21360.08271207412
21426.083341174657
21416.1872700519
21500.606183244123
21494.997140996988
21407.42939816581
21433.158356514243
21396.82790120443
21460.591171516313
21422.307913336488
21373.37188028627
21489.43623688486
21421.580657925868
21388.50847178035
21442.106034225886
21555.705523590248
21418.556391364997
21403.71396554841
21435.18290989929
21437.497724559573
21467.035358548164
21462.518066763878
21449.20476320717
21416.41123212046
21386.381827923986
21413.82941328817
21435.952742629583
