# Command: ./convert-raw-power-monitoring-files.sh $PATH_TO_THESIS_REPO/Results/power_usage/eth/7_nodes/coap/64 $PATH_TO_THESIS_REPO/Results/time/eth/7_nodes/coap/64 2021-06-10-coap-eth-7-nodes-64-results.txt
4.848649717314391
4.82318423291708
4.823248681416117
4.794039677990821
4.811716523958571
4.8579038158092205
4.826807550287912
4.81482254195213
4.827896421763638
4.869991330004412
4.7922976990242745
4.784220889637854
4.786845738427506
4.846141209042723
4.824229837271887
4.81650634225543
4.810765888075029
4.815729329185348
4.789819054139987
4.81726319470338
4.760714635961589
4.76504301504956
4.797655633509159
4.850490133076903
4.813752681649398
4.809686465077932
4.824305307990973
4.8192441415819784
4.757667285078096
4.7332225837972395
4.69156994210681
4.6712843076918
4.721491197321145
4.722719425747785
4.715446563939244
4.716833239548726
4.7314513584938425
4.782284019394068
4.718565306014488
4.6703445964952275
4.708877313186726
4.762477725052178
4.751457280639151
4.744874152488174
4.743937794910539
4.709348535646992
4.6865370217992215
4.7228912170032595
4.664387595511159
4.716847764316546
4.662075519061767
4.714533967074398
4.67767882905402
4.712056022617556
4.71029008110696
4.687124874247443
4.712608105348215
4.643227892624
4.619082907915111
4.6814454308450335
4.593049620750884
4.6284926821192025
4.654687539623839
4.632833598418367
4.635543612486793
4.66682398599718
4.675108738823072
4.62093786935011
4.601726534810324
4.634190838591902
4.691148985826313
4.675841397073543
4.6604076921509225
4.6410877402424875
4.630570255567631
4.6389818658000825
4.654471843401591
4.615151674323578
4.616160479277359
4.613459360049825
4.636381525483404
4.606291833162314
4.6522364278501955
4.629608448551773
4.664973417189384
4.64906674224137
4.756707643962571
4.727008014281587
4.720715173446466
4.698266107350582
4.683665973934867
4.761250835518052
4.740373442891582
4.7243735275202114
4.742396777288768
4.7432335613767345
4.711306918578009
4.698919636772745
4.699385233107524
4.7488757603069045
4.743017783201399
4.744310930245465
4.704689849492584
4.719794478691284
4.717154922316472
4.757475904209737
4.701098299072843
4.708712387528675
4.70433276688721
4.7453842046890005
4.707154102530747
4.709950031763969
4.708195689972911
4.716299861484101
4.70385102582309
4.663280878040532
4.6485376002457155
4.646058907498932
4.609525399843855
4.640237963613542
4.673382668038198
4.652601774944187
4.63238271225162
4.649972591453111
4.6877841958734825
4.6229995046357395
4.64290492322048
4.628015574809585
4.683579776475828
4.654829736050644
4.626784443378437
4.663882425579751
4.6654930867618924
4.646232916305464
4.673370908508707
4.615716866503154
4.621681886037168
4.618550480663788
4.651586562610332
4.632491658286919
4.6470092953609115
4.6368998601270945
4.629239482687574
4.79277444022564
4.811417522910572
4.809586497995583
4.7329598908656205
4.761092371596234
4.799753506908823
4.7782225685484
4.787288305719676
4.770196857511984
4.814324085507128
4.780639043549697
4.734018772870288
4.733523963352051
4.794425764683237
4.790193501919519
4.785583474523489
4.7850629191895395
4.791474894679247
4.762537313759313
4.795416345616176
4.770840540296496
4.744746826701691
4.740437728186454
4.819052824205819
4.756973103115957
4.7562049940261675
4.746292030990122
4.763921059568707
4.758841603106913
4.770361336718006
4.746045049885927
4.756816932843791
4.718270397563785
4.736428979376952
4.7676936083668195
4.758357065949173
4.729834956132719
4.758857185479661
4.794111887809296
4.732996376703189
4.688391282296834
4.684648393518385
4.738692559599873
4.7618097733192855
4.734867887990344
4.7610305594007185
4.740193518463093
4.702855920970455
4.728362795223795
4.743051370945255
4.691656767868336
4.672908230678912
4.727643628358852
4.725369982666456
4.706729588889401
4.725463311867569
4.700600800133421
4.727894455250766
