# Command: ./convert-raw-power-monitoring-files.sh $PATH_TO_THESIS_REPO/Results/power_usage/eth/single_node/coap/64 $PATH_TO_THESIS_REPO/Results/time/eth/single_node/coap/64 2021-06-10-coap-eth-single-node-64-results.txt
4.693722299555924
4.682468194355573
4.671439452078608
4.686557003190099
4.672489564283021
4.697108702507298
4.6948360844817385
4.675098109679086
4.692857793635778
4.693206705911302
4.701345077733196
4.669436224397687
4.6887873598933245
4.696990399446755
4.576451868424828
4.69742301926016
4.686249830808897
4.69420205341114
4.684620027028826
4.694797835197713
4.700550089150664
4.700722906165637
4.709702934728736
4.690480076968654
4.706968180706105
4.682478566037277
4.696024106711164
4.701370824466144
4.693055470701738
4.681784862809718
