# Command: ../../src/evaluation/power_monitoring/convert-raw-power-monitoring-files.sh eth/7_nodes/coap/128 ../time/eth/7_nodes/coap/128 2021-06-10-coap-eth-7-nodes-128-results.txt
3.0626554923752938
3.093283991667952
3.05362772343556
3.095732281068965
3.092299250162323
3.0909344033797606
3.051136355135179
3.1009166685110934
3.124716495116546
3.048894891298469
3.0903018039630528
3.0485437839329164
3.0662826704018644
3.07004781251815
3.050790420217644
3.048554968357092
3.0444985977775527
3.0368304853538635
3.026338082535396
3.0928618789878146
3.0280457189480456
3.0315501515501
3.076399967789645
3.1024415393869074
3.054932985931639
3.099768706801868
3.141964041464856
3.055861029807074
3.1002757573988737
2.9701923042469494
3.0538362195789825
2.9681176911724902
3.0081033316784427
3.0378674163354735
3.038586894028721
3.0006132710244895
3.055947568929863
3.077827813946539
3.0057999778787288
3.0110016522871006
3.007403199672689
3.0132105423543147
3.030769421001274
2.962367650237349
3.010499503923783
3.4837213371329847
3.0000085568759127
3.0053480577270144
3.063493682811658
2.9674924585554363
3.0023408443530455
3.04513818938865
3.0445554958283907
2.9803282917307548
3.00801448314057
3.01183709061808
3.049990821742345
2.9985409017536453
3.016271694054199
2.9214693785210453
2.9751963421073233
2.9338509024216073
2.9588527159028493
2.9682395731939217
2.97245195146071
2.92023781746295
2.9814227826264172
3.026063999527026
2.934506094591481
2.9632674668894956
2.970123302002751
2.981026005923753
2.9518270086016942
2.9405143748422424
2.9431515965064383
2.952243476970328
2.936856891069153
2.9430033324691975
2.9821340772741274
2.9430488557848706
2.968961423370572
2.9765890877743613
2.9918464291327598
2.925550947394635
2.969871808108367
3.0127117588188934
2.9893237743344514
2.9211811883581977
2.9780487375259406
2.9910603872239636
3.012558497822956
2.990163932442659
3.0328557247883783
3.0289729864498094
3.0408127294845033
2.99154371803337
3.061825583378475
3.0661969199445527
3.009909399194845
3.0338607479002757
3.0094087659054405
3.0160445635186313
3.0212908440662694
3.000846798946458
2.9993871667914873
3.0121054482393834
2.995280373397801
2.996142548375665
3.051959234032363
3.0075006784763594
3.004330620586874
3.032667629169095
3.0479471009241172
3.042675521012814
3.0467829542193137
3.0545874727633295
3.0043194696870126
3.042363356610139
2.921983479413722
2.972183432797588
2.9385665510859673
2.9732292088502024
2.9741446473565323
2.9743397277792316
2.9228633760843015
2.985561466137569
2.996658526188796
2.9364479032920463
2.97573653614521
2.9384194319943586
2.9606799151268324
2.996978765765826
2.929929912825429
2.943219290061136
2.9417309139139154
2.940551265868874
2.9313265902565546
2.982176784154435
2.9380639131433424
2.9371739066441824
2.985679785632427
2.980311342755963
2.9315831969810806
2.9684022362629503
2.9754905254642163
2.9827238170140284
2.933830835007951
2.9677168221208796
3.0410170108377943
3.1194004271295177
3.039995298809482
3.11802765702871
3.0844038173357684
3.0823997807006105
3.032016888972781
3.0992923247615605
3.1080269133547853
3.044293631921206
3.0905474801494104
3.042079671899469
3.069551204843638
3.083639793223817
3.039341952691472
3.0513680978351156
3.049550203442573
3.044691124866418
3.0342050685286517
3.0939690534406292
3.0396449811094355
3.0551946068935925
3.084282962322234
3.0903646295169915
3.067650754829252
3.11094174157248
3.094450275209228
3.097297939992618
3.0474293309814344
3.0825619234873174
3.0237226612037995
3.041708909319507
3.0211291057599965
3.0312654729253645
3.0613196806510286
3.063634335534439
2.9938837742242637
3.075781754245359
3.0965755086541185
3.006946461478874
3.0387629957397735
3.040682437211276
3.0146097064481867
3.0222910934024485
2.9838245256311424
2.9939764511982516
3.0093635853263994
2.995060273084366
3.0342734710408648
3.0535482962992466
2.9928022520939517
3.0038700364695625
3.0347093347079173
3.067131307827095
3.020155647612278
3.0735314185619433
3.0787949099871876
3.054690011799339
3.0221510854992566
3.036618362648609
