# Command: ./convert-raw-power-monitoring-files.sh <PATH_TO_THESIS_REPO>/Results/power_usage/mqttsn/512 <PATH_TO_THESIS_REPO>/Results/time/mqttsn/512 2021-05-11-mqttsn-512-results.txt
17424.004858765336
17362.04209804535
17315.87102545632
17293.19287121296
17312.60643909375
17414.415561192567
17265.989973876214
17297.286225491098
17314.238497118153
17300.215482049516
17329.366850753628
17340.28689513604
17424.599656495782
17313.314597772227
17380.338213046394
17336.069519685374
17287.61113882065
17315.883379346793
17332.149390644496
17336.63397139973
17230.422240992386
17311.675079597368
17406.535180475978
17292.788546118474
17340.307590729662
17417.829767101342
17330.730417536364
17272.690564095974
17283.511056303978
17330.883522629738
