# Command: ./convert-raw-power-monitoring-files.sh <PATH_TO_THESIS_REPO>/Results/power_usage/coap/512 <PATH_TO_THESIS_REPO>/Results/time/coap/512 2021-05-12-coap-512-results.txt
17406.798283192846
17622.049941254987
17438.782605926197
17636.1522506343
17650.72215090195
17397.075092461375
17423.78083093299
17601.83787183629
17429.38119325373
17561.778884927433
17588.256556292374
17637.625425292383
17611.587586866484
17622.913548350334
17621.451286441752
17615.544270575047
17639.054111407862
17600.534765455457
17579.744294848704
17582.433185709844
17602.742934789923
17613.65421679285
17434.49556267924
17430.132559041183
17642.04693178336
17507.554105056657
17618.7875187397
17448.92245567507
17614.599022699727
17652.73056321674
