# Command: ../../src/evaluation/power_monitoring/convert-raw-power-monitoring-files.sh eth/7_nodes/mqttsn/512 ../time/eth/7_nodes/mqttsn/512 2021-06-10-mqttsn-eth-7-nodes-512-results.txt
1.8167721111708224
1.8271281658278524
1.8263036739263245
1.8267035888963261
1.8254852388732974
1.8250891514950334
1.8203458386262281
1.8262304995059977
1.8270746487478446
1.8278751549257113
1.8284610922204116
1.827082907938297
1.8270381277700285
1.828388585673437
1.8273769892719047
1.8299839524063852
1.8250463138785622
1.8220619415243458
1.8277208875947544
1.8256209804349475
1.8279625702301698
1.8309265247285322
1.8270155028303472
1.8266857144004782
1.8259048508140758
1.8236233699255524
1.8263303567005564
1.8271985365351069
1.826622840705844
1.8239710659318493
1.7751802284187705
1.7740780611733595
1.7768180609080526
1.774250863720974
1.7989446367555209
1.7856123188402901
1.7759307520853123
1.797944041053448
1.7875343987974848
1.78663159831696
1.7989800804687874
1.794932403842611
1.7768291930324458
1.7858136106001004
1.7751940701703204
1.786784061898787
1.799073792252278
1.77609253148569
1.7757437264256986
1.775284684730901
1.775304794215493
1.7999012540313923
1.7907592477367957
1.7778853576282678
1.7798324827684298
1.7750506883197366
1.7853422323664037
1.7767070550289414
1.7754369597302555
1.7995806604888702
1.7764734729992
1.752096291677818
1.7509919917715935
1.7599722986155177
1.7515107796357732
1.7737796079946897
1.7501993081801475
1.7600010897384741
1.753727623360025
1.7522853949699124
1.7547438534829343
1.7517845935622856
1.75219046238396
1.7515757347345382
1.75447254109714
1.7539939259588726
1.7514752951727968
1.7501970657375123
1.7544694703353825
1.7531396793325735
1.7762006477912256
1.7540895979669344
1.7524350712630454
1.7612106831007543
1.7530381825400727
1.7756404013435008
1.753406622045568
1.7527599364585373
1.753474361240867
1.7621715762946364
1.7919096351762611
1.7684495391878807
1.7928968163529986
1.7716773636837806
1.7895981309314568
1.7689612176848766
1.7723594625128638
1.791362146831221
1.7688888588878802
1.7958157318764212
1.7721276803976977
1.7682131863137083
1.7947912095917575
1.7931911978026236
1.7939306687414636
1.7930198023749744
1.7691047246687945
1.7914812378254228
1.7934492465953047
1.7958075436949712
1.7925221755504621
1.7920486485395137
1.7943225306769184
1.7742374412980333
1.7916490740113782
1.7926894840333187
1.7917665969100258
1.7954552006092308
1.7728284486035513
1.7974400749372117
1.7782868606216409
1.753293061759739
1.7529040732449954
1.7535800416039065
1.7507950885958155
1.7527488822937038
1.7529392876194563
1.7536296748187816
1.754113612062399
1.7531091768311131
1.7543132210804395
1.7541573995815405
1.7527194467352492
1.7778184624281195
1.7534582775400782
1.7555312524470998
1.752679993218843
1.7528544136948052
1.7816602478192884
1.757501842667661
1.7551699677540216
1.7537070271141015
1.7524941414462194
1.751608981721933
1.751325482775765
1.7548051712248125
1.7539157033099038
1.7527836106982477
1.7546340411404748
1.8346743639277052
1.8314999540282608
1.8329714149534657
1.833446227815417
1.855677551421857
1.8334689765340737
1.8586629339059184
1.8356463400953291
1.833550833036503
1.8315067251125976
1.8529040078322052
1.832752167287801
1.8308482307559941
1.831829540239443
1.8499675423271147
1.8495064508385126
1.8501072801252234
1.8332791976365754
1.829317799078094
1.8328320016264938
1.830237248460451
1.8347268759045332
1.8313817030224548
1.8598132955067714
1.8331322698063308
1.8309221129814788
1.8582913949920077
1.8568067171507432
1.8573174271119957
1.8339910219642848
1.798081791453892
1.820040727323956
1.8250252566271394
1.8213851940764338
1.799559265428123
1.8015126950310343
1.7980900384750609
1.82411062062118
1.8249225697351796
1.800186551547713
1.8016407181157013
1.8201379414068337
1.8211902950704135
1.799839328322142
1.8003728992342962
1.8218445981674736
1.8016515464617124
1.8231200750768202
1.8008995602130906
1.8223221055202985
1.7998956685066219
1.8013570173349673
1.8243782458967621
1.8221958458622285
1.823783385790054
1.7992210457887936
1.8006212917765
1.8047188008758734
1.8248034144606844
1.8222217141952837
