# Command: ../../src/evaluation/power_monitoring/convert-raw-power-monitoring-files.sh wireless/single_node/node10/mqttsn/64 ../time/wireless/single_node/node10/mqttsn/64 2021-06-23-mqttsn-wireless-single-node-node-10-64-results.txt 1
21.241785240171883
24.38902845448036
27.536124048274104
40.12874154650763
27.568956772681222
30.69928528547863
27.53858332505365
40.126760736954
18.132989316253678
30.710444916906102
27.564447270424886
33.8696098653019
30.695469325449807
33.84635159153958
36.99088970610412
27.605379103970275
27.576389561411123
21.216827916560312
24.5318673387713
30.702056930244666
33.8080248120735
33.831184917774515
18.07284521473228
