# Command: ../../src/evaluation/power_monitoring/convert-raw-power-monitoring-files.sh eth/7_nodes/coap/512 ../time/eth/7_nodes/coap/512 2021-06-10-coap-eth-7-nodes-512-results.txt
1.7502424577308997
1.7763189093305047
1.7598265552123384
1.8087189941571824
1.7529959445761347
1.7703040445413851
1.759636031084587
1.7500233108566896
1.7482019620570899
1.7583788602054093
1.7589233383105851
1.8016017645928557
1.7505863430069581
1.7371664683686332
1.747119806349279
1.7535976616409121
1.8229918933179625
1.73983428202735
1.741283490273686
1.7365915770000915
1.7690730013648717
1.7449967552489727
1.7598551179137523
1.774534394274154
1.7536402790877559
1.751755537473494
1.7642607476711278
1.7576286698844696
1.7546786251631046
1.7174796931280056
1.756216166416802
1.712427952130633
1.7771291280885524
1.7062923188341992
1.751628775225747
1.7332004485395218
1.699256925976942
1.7005737153026785
1.740212718841102
1.743972409546375
1.7252995112505225
1.7085622675551295
1.738287774119114
1.7307810012532623
1.7417953402234454
1.77011971970731
1.7015318133135655
1.7283227281868465
1.7305659166773206
1.7486525285376462
1.737923043592107
1.7321708186566862
1.7463191655907402
1.7359870522817018
1.7268845101594918
1.7119731570349823
1.704166499392851
1.7214838024079826
1.6856036830511396
1.6998531365030378
1.6811493482126134
1.7419138230151627
1.7109464533560832
1.7004950033525614
1.68677755259474
1.6826784618960473
1.7167070933514186
1.6959116915663108
1.6931448691023703
1.7358288926813326
1.6894006398883115
1.6969476140174544
1.692255125575596
1.6950396496487974
1.7465729874339404
1.7001929732329317
1.698062756478785
1.6849913346866754
1.700892786860466
1.7033528296715634
1.7000015860233024
1.6975715469121995
1.7157086091803142
1.6970722607307995
1.7177056654393692
1.6901306696865266
1.6992004009915729
1.718523403555158
1.6957419475515674
1.7345513651768418
1.7871619765857847
1.7349993873669054
1.73820028688841
1.6869775931272206
1.697776602682143
1.7332719655931
1.7449760462476158
1.726360802918674
1.7361931792034015
1.723210278484559
1.7277892554468615
1.7219674996667402
1.7295400470627682
1.7781717823512035
1.7346347580088488
1.7207923307418838
1.7294786229961436
1.7562398554980778
1.7401124848590954
1.7315909608238278
1.7354803871214362
1.7362239277561535
1.7163822143673915
1.69935825096236
1.726278998590182
1.6988426509764476
1.7060190108219768
1.6853413128356147
1.6760855920977054
1.6794249344832362
1.6825629974404974
1.713405583643253
1.7102247882088033
1.6804391859438665
1.6794574046532325
1.6882594808737423
1.6781753532025543
1.7007869823343282
0.0
1.678208525664278
1.684412536230349
1.692037063015832
1.7433309848772167
1.681388775878481
1.714031302147441
1.6770875783198418
1.7001120684875364
1.6845319832728944
1.676860378921031
1.6953730595045615
1.6814467518859404
1.705481663743654
1.6865059665871995
1.6782229071954884
1.6796855353779259
1.771280380692746
1.787783830510247
1.7948742077880406
1.8235599022010986
1.7729407935639243
1.7794892263942312
1.7689904249608506
1.769491119934453
1.7700522670282262
1.776760173549253
1.7712135181195197
1.7885400601791024
1.7808853917287453
1.766983701354929
1.776086074375445
1.779749214904178
1.857172116514707
1.7705461976826191
1.7720670679873918
1.7665721848077247
1.7831035924719434
1.777480777932539
1.7736026739941666
1.7760110270447236
1.778721596714525
1.8010287797583466
1.7916319721274963
1.7758036893407516
1.7723958340088548
1.7277300424642061
1.7900039410061277
1.7371639210946077
1.7781406058304896
1.7581997277008146
1.7720245681140145
1.7639803539282803
1.7711766485439393
1.7256651625931294
1.75103429913852
1.779580750442216
1.7465790983769647
1.7393677583270595
1.734818399200834
1.7624500966105194
1.734328656776081
1.8219326630830794
1.7289215366144952
1.7268986109329607
1.7237813540365965
1.7483205666840047
1.7378476241562129
1.7408498863710302
1.7457522681388575
1.7679165566166224
1.7576734533409295
1.7382969004876108
1.743012779911357
1.771576796842945
