# Command: ./convert-raw-power-monitoring-files.sh <PATH_TO_THESIS_REPO>/Results/power_usage/mqttsn/32 <PATH_TO_THESIS_REPO>/Results/time/mqttsn/32 2021-05-11-mqttsn-32-results.txt
80033.54964445035
80015.54373304048
80008.48256369431
80121.06270081467
79879.75373364157
79985.17740223143
79997.6780496041
79902.2850132651
80060.06359580491
79990.89785046047
79992.56164646811
80018.17155712181
79995.9176956614
79991.76748424768
80139.99858429034
80008.86098997461
79906.47596051295
79902.09316300022
80003.62739841144
80060.24708516068
79984.83539193869
80028.61731115314
79817.84575230545
79994.04823309845
80009.40980056922
80032.53426690897
79894.93542883132
79941.84356659651
79901.67533228795
79976.41732162901
