# Command: ../../src/evaluation/power_monitoring/convert-raw-power-monitoring-files.sh eth/single_node/mqttsn/512 ../time/eth/single_node/mqttsn/512 2021-06-10-mqttsn-eth-single-node-512-results.txt
1.7424004858765327
1.7362042098045332
1.7315871025456315
1.7293192871212975
1.7312606439093732
1.7414415561192575
1.7265989973876195
1.72972862254911
1.7314238497118177
1.73002154820495
1.7329366850753634
1.7340286895136028
1.7424599656495823
1.7313314597772196
1.7380338213046338
1.733606951968535
1.728761113882063
1.731588337934677
1.7332149390644502
1.7336633971399737
1.7230422240992422
1.7311675079597375
1.7406535180475968
1.729278854611846
1.734030759072963
1.741782976710139
1.7330730417536342
1.7272690564096003
1.7283511056303982
1.7330883522629748
