# Command: ../../src/evaluation/power_monitoring/convert-raw-power-monitoring-files.sh eth/single_node/mqttsn/32 ../time/eth/single_node/mqttsn/32 2021-06-10-mqttsn-eth-single-node-32-results.txt
8.003354964445048
8.001554373304058
8.000848256369427
8.01210627008149
7.987975373364141
7.99851774022315
7.9997678049604195
7.990228501326521
8.006006359580512
7.999089785046061
7.999256164646824
8.001817155712184
7.999591769566147
7.999176748424791
8.013999858429075
8.000886098997464
7.990647596051278
7.990209316300019
8.00036273984119
8.006024708516062
7.998483539193852
8.002861731115294
7.981784575230523
7.999404823309867
8.00094098005691
8.003253426690934
7.989493542883114
7.994184356659656
7.990167533228798
7.997641732162868
