# Command: ./convert-raw-power-monitoring-files.sh <PATH_TO_THESIS_REPO>/Results/power_usage/mqttsn/128 <PATH_TO_THESIS_REPO>/Results/time/mqttsn/128 2021-05-12-mqttsn-128-results.txt
29741.133128537072
29748.879846500025
29721.917838553585
29707.50592821174
29715.767802430524
29733.548001481427
29764.02774694893
29692.95402328173
64503.32590368059
29741.271768675913
29779.47136345837
29719.811435242493
29846.611837943397
29718.36012797223
29709.780558413928
29740.86461259259
29672.815134757093
29733.992258707684
29812.8196901083
29716.41338987483
29713.541292481954
29745.448040796648
29724.167604578866
29792.45909594827
29853.332459761037
29795.954897999763
29722.977368930977
29777.12534762091
29801.052158309354
29713.73857696851
