# Command: ../../src/evaluation/power_monitoring/convert-raw-power-monitoring-files.sh eth/7_nodes/mqttsn/32 ../time/eth/7_nodes/mqttsn/32 2021-06-10-mqttsn-eth-7-nodes-32-results.txt
8.131216061111948
8.20506991129118
8.2031975314882
8.191750008102906
8.174643560667878
8.19583905635274
8.235077120774335
8.192504512121287
8.197883792115574
8.170497803108528
8.188856361104405
8.1786901189221
8.19675677236914
8.20330789441865
8.197912240448916
8.202231785989444
8.189325714399413
8.207177506890584
8.205658017400232
8.188307718707462
8.184970973061192
8.194017206976802
8.188344070636605
8.188047611216724
8.201888836294415
8.201358360432913
8.200545250945629
8.193902548005175
8.197746652834942
8.018961146374552
8.083194803029288
8.080808461278657
8.105869644674979
8.085943696058429
8.084603966073882
8.101581044137518
8.107090793632828
8.095833619071376
11.52935548534326
8.074278709597078
8.063354677955296
8.078414303302752
8.072888391809318
8.114373873508647
8.08086880369978
8.071508380121642
8.082699875295173
8.106308899670845
8.050993148790448
8.0609106893771
8.072489970816495
8.06670751746498
8.10722163076204
8.0864027423958
11.55926760291721
8.078148651338314
8.111191769238973
8.077297092060242
7.884320512493439
7.954126835458797
7.9515085869365265
7.9378548360764976
7.929204741736275
7.951515198386369
7.943275007651901
7.979373179958912
7.941880079739635
7.942678581664944
7.914643027358535
7.929248525255235
7.954927942785939
7.944721733616507
7.953349583463536
7.948212117125604
7.957987930499852
7.934683725343821
7.956747512234557
7.9610554656617865
7.930289979871774
7.93798006358416
7.97678913201222
7.937316341863731
7.954514948692538
7.9514410716858155
7.943564566791076
7.9468435531523784
7.939935388773675
7.941501442833097
8.033545984486775
8.086429571837177
8.11518143147559
8.100409845428342
8.084825562728797
8.088500749485364
8.105374500625674
8.089019340690637
8.110075632585422
8.081901097618914
8.08773070971832
8.095883176257242
8.05961908686825
8.115216689431046
8.119142940696749
8.11053087926572
8.096116510725656
8.098421496563452
8.115788904137098
8.088554037736492
8.100267792168605
8.104245281772492
8.080296607361904
8.057530572616391
8.106744541529126
8.102582402189572
8.108484226769855
8.076348765287129
8.079746894806645
7.921955871035639
7.986506081067851
7.9844274263680095
7.97973206781017
7.9609852274159305
7.988378972361482
7.982048274586573
7.980411182188294
7.9780406129625145
7.980345816098978
7.983425810605319
7.965507482681029
7.9933619901538
7.982497898032242
7.986392139103708
7.973218319088215
7.984566238327124
7.973769598808581
7.995129970103496
7.987504028982592
7.994157344678991
7.971914073977212
7.9813576611413115
7.96722536676789
7.971616293943605
7.984979927003369
7.980770573569648
7.984548850927075
7.9764817713698015
7.972506581551515
8.094576994505207
8.180407710635013
8.178656062655994
8.160802007837454
8.143516228761943
8.184151713358009
8.171056596732782
8.179082350843466
8.17134098954993
8.168380633321073
8.151025782154676
8.15874218828149
8.156122144305035
8.174387149287593
8.183445643464736
8.169104321983164
8.172131801694622
8.165983058661237
8.164827876647317
8.181111127853358
8.159020154244383
8.157904581656076
8.179608370072321
8.158989419589432
8.166379907704057
8.174280641824009
8.171608414991036
8.172305519153637
8.1723277105391
8.17308641608883
7.994277569505916
8.072909827937707
8.065433737943586
8.057202500128078
8.033005371179827
8.068094522423209
8.058755865269267
8.06001037138037
8.050321460710649
8.058086496002156
8.033380549033428
8.04375846732655
8.042283728679024
8.06170910444856
8.068205337941627
8.055021670417682
8.064317382342272
8.052609451363471
8.074617818676757
8.063467499252825
8.041592578831654
8.049985013822697
8.05380137096842
8.052477904766809
8.053565068622458
8.066984490669421
8.056087367617407
8.063714584181712
8.056722917805121
8.057025411701886
