# Command: ../../src/evaluation/power_monitoring/convert-raw-power-monitoring-files.sh eth/7_nodes/mqttsn/256 ../time/eth/7_nodes/mqttsn/256 2021-06-10-mqttsn-eth-7-nodes-256-results.txt
2.231956121216216
2.238486378166412
2.2409236669407955
2.2426035567853204
2.2361577871243172
2.2371483236385696
2.231351763069629
2.2348886467549534
2.2311439718339168
2.233631446242335
2.2351339688268013
2.2315834323532053
2.2346134695245174
2.2317491530643574
2.235566711124445
2.227785542282789
2.234139721320734
2.2345927299956476
2.236752481924162
2.2350105503996227
2.237804982615844
2.2324307420551786
2.234037568231424
2.234786789668933
2.2370893638134013
2.2346717666453704
2.2358730344408078
2.234582532246907
2.1959177442689746
2.1874709975520776
2.186475745591856
2.1851011426183913
2.199145140419398
2.2140765946540575
2.188767158604328
2.1919525795479573
2.2088834711015233
2.185209535602067
2.187913873619506
2.1897600088947384
2.185822013288733
2.2066126037008247
2.2000804329613834
2.1871251548594888
2.1892654045787134
2.183391683151325
2.2112065750691623
2.189354228238265
2.1865308341085896
2.1858089434272663
2.2118256531092846
2.207121087080904
2.1871817683544457
2.1891266391111737
2.18925237426493
2.211302342053916
2.187739313910403
2.19675635487835
2.1543977629144937
2.1588872431980257
2.1674558995299864
2.1835277310841588
2.1643472781512467
2.1683771599166923
2.158872343510389
2.1581119089259033
2.1597476487623313
2.1578186952604175
2.1665532782839407
2.16202983446916
2.1651616718901523
2.165012153589066
2.166906223320299
2.1663308183517698
2.1567159202165054
2.1546453570193655
2.1574422962400646
2.157181709014702
2.158070354514653
2.1595218186080416
2.1586910462412567
2.1552147216498865
2.1576456992593096
2.158613433314691
2.157868598368435
2.1595942567818724
2.1571076469984365
2.1647305834260218
2.1779831493364448
2.1801475603249325
2.201629620204372
2.2041294421586732
2.1794618822733525
2.208583627992208
2.2015771872103227
2.182771823154554
2.2041150682005632
2.204885120583907
2.2056566832462945
2.2051383921868277
2.2051491952670945
2.201237363523907
2.2055903103682746
2.2071175367898412
2.205869124035045
2.2033758520086604
2.1791966084109364
2.206022323615016
2.205982222348453
2.184856287681394
2.1836191826727664
2.182087792164753
2.205835502339733
2.204202051987251
2.2045573379695442
2.2063097616566507
2.204614617394077
2.2010531897478636
2.161953266657061
2.161924671683045
2.163239201582138
2.1639616012473932
2.162988694184351
2.1662617089748406
2.1623683768411484
2.1647957338690746
2.1623358185092587
2.163830375929671
2.162346296502486
2.1642020171715184
2.16335228669312
2.1630959951016617
2.163699044787217
2.164306317008202
2.156605128222046
2.1606368445389763
2.159004291011231
2.161818704615039
2.1851397219730706
2.1618044404751684
2.185435151093534
2.1610658285882716
2.162899480448834
2.1869991337325847
2.187518647541605
2.1631585017906265
2.1619798929890033
2.252202784455489
2.2480142805212053
2.2540081834097743
2.2482444482876156
2.250462206933235
2.2764352389408535
2.273491897824736
2.2512781548698735
2.247438809851801
2.2726853043602606
2.246501697947578
2.2743888492219995
2.2725274262924975
2.2474828279183985
2.251364177475378
2.2517896941734645
2.251877500504253
2.2683541874123896
2.2495082785487175
2.2460647311343105
2.269920508189336
2.251855870210463
2.2704173261953726
2.251419119798483
2.2517250248226874
2.275996946007012
2.2501352576083606
2.251108214020727
2.250364339676171
2.271734622104303
2.210948301345106
2.2084832392831646
2.2107107820941363
2.214029574609469
2.211355114171899
2.216232250349388
2.233767619732349
2.236028752081925
2.2115569657716483
2.210118327448771
2.2121768920388485
2.2104083511498254
2.211476194991007
2.2346372500161307
2.2139714090724834
2.2133062868548747
2.2354591904282586
2.209505171544024
2.2116702075666828
2.2141384105881055
2.211298111700348
2.234509116090002
2.213448830727073
2.2109624474114833
2.212061407168702
2.2134853997925905
2.2366338946719955
2.2126596461832517
2.21105641778641
2.2105344679024466
