# Command: ../../src/evaluation/power_monitoring/convert-raw-power-monitoring-files.sh wireless/single_node/node10/coap/32 ../time/wireless/single_node/node10/coap/32 2021-06-21-coap-wireless-single-node-node-10-32-results.txt 1
19.308560626046507
18.537128202757554
19.7883752389157
18.515535376602788
19.82050229472314
19.416939356431037
18.5605724300969
18.521826323656228
18.503595387810602
18.941148763695686
18.474637777355632
18.51034108531107
18.950022582426307
18.93222311238588
19.374070345670766
18.927748517586824
18.463682743358707
18.093191752744623
18.96740675314897
18.934365638519452
19.33002243042762
18.90665697903927
19.82906990795568
18.92393061303077
18.47521862193028
18.93114906089693
18.52678434913454
18.963395100121367
18.964112688276515
18.963796233034966
