# Command: ./convert-raw-power-monitoring-files.sh <PATH_TO_THESIS_REPO>/Results/power_usage/coap/32 <PATH_TO_THESIS_REPO>/Results/time/coap/32 2021-05-12-coap-32-results.txt
80240.62362293403
79913.09740526808
80343.56158322758
80423.66759528717
80387.07093924284
80559.4825684693
80373.48725424873
80372.74940162897
80249.67116044628
80227.05562717386
80576.1264942752
80175.94902869727
80668.35647785001
80474.2136667172
80006.32630957497
79984.96031698254
80488.29863389334
80420.47387384706
80270.72343617678
80571.19787954622
80519.96805598338
80246.58744000726
80115.17804721992
80107.2629278567
80070.12223462264
80345.80681973034
80569.72010162141
80640.13903876147
80541.9331946969
80321.21464292209
