# Command: ../../src/evaluation/power_monitoring/convert-raw-power-monitoring-files.sh wireless/single_node/node10/mqttsn/128 ../time/wireless/single_node/node10/mqttsn/128 2021-06-23-mqttsn-wireless-single-node-node-10-128-results.txt 1
24.202678658682927
24.18358133893353
24.179197849623538
14.751460961815646
17.880654889190858
8.437097858887885
21.038514213331993
17.908589593180306
21.06425047182401
21.02676694822613
11.56498195322918
14.73516092587754
21.030606871401904
36.82577863796737
27.371878246059293
17.866992438601205
21.072453970629308
