# Command: ./convert-raw-power-monitoring-files.sh <PATH_TO_THESIS_REPO>/Results/power_usage/mqttsn/64 <PATH_TO_THESIS_REPO>/Results/time/mqttsn/64 2021-05-11-mqttsn-64-results.txt
46747.89398110576
46800.1870149374
46620.79578005605
46689.739075899124
46687.01413542032
46702.780628237466
46719.33241132233
46739.02306146092
46696.45318408807
46695.78405453099
46684.92926670445
46682.44338042207
46781.887811919056
46643.114592432976
46695.57445701626
46800.9435468581
46669.80540908045
46699.53569763236
46697.86973469787
46672.46836168898
46794.067782262966
46717.950722409616
46806.01402219798
46731.34255654282
46735.5537799663
46671.594250533315
46814.86228661404
46732.37221224441
46725.792950722906
46684.798103637164
