# Command: ./convert-raw-power-monitoring-files.sh $PATH_TO_THESIS_REPO/Results/power_usage/eth/7_nodes/mqttsn/128 $PATH_TO_THESIS_REPO/Results/time/eth/7_nodes/mqttsn/128 2021-06-10-mqttsn-eth-7-nodes-128-results.txt
3.045137533018992
3.067435543361635
3.070622318936724
3.0669066077503904
3.072432925270662
3.069038710494833
3.0679429388940225
3.0732285801106025
3.0649490829375163
3.071079615424074
3.07163540173902
3.0697344710230814
3.0703225159611844
3.0703613430327805
3.0687641406555923
3.0771203567054526
3.068739863799676
3.07269766304228
3.071752366907072
3.070806689792212
3.067810410562485
3.0734539985093687
3.0669018319216046
3.0727147702044886
3.07349112098084
3.070361354205342
3.0677422220177086
3.069481088648239
3.090039539217956
3.0597334979474615
3.0127819816999946
3.024878171202199
3.017100069549344
3.012279233700704
3.014025039951005
3.040891730480725
3.0340966307024195
3.0186177192462784
3.019984859959943
3.0183064320517836
3.025300826648865
3.035561017360956
3.0372271924714243
3.011502526640892
3.0257154613468478
3.0174261283179016
3.0372797017826008
3.038505466447939
3.038203097234173
3.0355476908187033
3.013790541148853
3.027003880712718
3.0335646967854792
3.015508411523368
3.018997091710567
3.0250467677050223
3.01299024844169
3.0407574574020204
3.0146916350424204
3.0359965493381034
2.9700090316666565
2.97331625934773
2.9710030803415486
2.9815161917308943
2.978035949263311
2.9762968501382385
2.9674065036210786
2.9868997504810304
2.977232682522797
2.9707166193922308
2.9751523115204392
2.9775883461832953
2.973937665038635
2.9714453976717308
2.9713657990197264
2.976979867253037
2.9814082475966823
2.998497431672281
2.9728296346796936
2.9709217768444014
2.967967142459425
2.97156167775062
2.9729423009388904
2.9789986958404353
2.9765177178184197
2.9758653649025537
2.980643834100832
2.974428540382122
2.976559666325653
2.975649646308686
3.0321103850569973
3.0329884400069798
3.027828372332776
3.035315984600124
3.0359368046356603
3.0280929634306113
3.025837455828989
3.0372685004274005
3.0291618135174283
3.0307398945357953
3.0349328269395532
3.039554651475617
3.035310333847997
3.030298406614187
3.033235666844577
3.0387934144073165
3.0324635366532555
3.02978817541732
3.0328031939201834
3.0126868392361508
3.029599904444484
3.0364339351289815
3.0073976460662113
3.0311402579347324
3.026625981029547
3.0288533022238107
3.041787273522875
3.0307264124254414
3.033698939896284
2.979616020050308
2.980681831737365
2.9803110143509124
2.9832665667898084
3.0034002151091923
2.9845650366147303
2.9813718506197175
3.0052987399895903
2.981252220362436
2.9829612680839097
2.9867049572103577
2.9835021344059034
2.986503733724359
2.980273461573651
2.9802270039021996
3.0093019099401173
2.983453545023992
2.98514326113793
2.983018811374903
2.985021678871584
2.982080785784458
2.9880972507033046
2.977719803012079
2.982124870737395
2.984275909238393
2.9815571119387974
2.982321526709534
2.982769511726176
2.9854378932317016
2.982873485058552
3.089538942287366
3.0849490085972695
3.09148355543945
3.0870152653223943
3.090126489450531
3.091467123972045
3.086244600001305
3.084507874866323
3.088012911796571
3.0893807815478938
3.088991917745933
3.089887443145122
3.0852003262076138
3.0917338868810162
3.0856647885872217
3.0872818590170863
3.0892176238629494
3.1117707675496717
3.086931650926675
3.086639949205847
3.109488842639665
3.081100488156075
3.0973993392387906
3.0910919005572763
3.0899826848705554
3.0912944672803104
3.0894937836461596
3.089115426868187
3.083789542482954
3.034169519480736
3.059644309934643
3.059536055415868
3.0304978585044573
3.039118650111901
3.0607873359786164
3.0576008804539883
3.067467495097051
3.0289566746453427
3.0577788979709237
3.060899770081045
3.03327105547323
3.0629729338884286
3.0306788407034295
3.0325540889269793
3.034196748319599
3.031340857747525
3.067639018115068
3.0349046307139975
3.039980013029442
3.0628489005466255
3.034724072969628
3.0322592309680267
3.072006734897693
3.066507048646612
3.0612293691800674
3.0641231450405404
3.034829823460853
3.0625131310058884
3.029645161863827
