# awk 'NF==2 {print $2-$1}' eth/7_nodes/coap/256/*.txt > 2021-06-09-coap-eth-7-nodes-256-results.txt
8.71268
8.49962
8.70133
8.48318
8.50821
8.43152
8.43828
8.51615
8.49707
8.49491
8.52322
8.46038
8.47223
8.69052
8.4569
8.58693
8.50076
8.5931
8.48602
8.47163
8.45432
8.48288
8.51504
8.51902
8.50533
8.49314
8.50755
8.71198
8.49816
8.79161
8.45091
8.79504
8.57102
8.58037
8.52044
8.52911
8.61875
8.46571
8.56557
8.60185
8.55937
8.57539
8.77927
8.42131
8.67658
8.52789
8.5714
8.59754
8.58456
8.55927
8.59498
8.45974
8.59875
8.4489
8.45793
8.45185
8.67521
8.58634
8.66265
8.44812
8.72451
8.46197
8.45966
8.41481
8.45015
8.61195
8.45807
8.60007
8.54296
8.47261
8.62483
8.84387
8.41033
8.70063
8.61629
8.61181
8.48911
8.49857
8.57971
8.45631
8.51725
8.51581
8.52035
8.64778
8.47356
8.50899
8.74136
8.55765
8.63232
8.54995
8.53691
8.47894
8.4884
8.57176
8.54823
8.55093
8.57019
8.5312
8.62433
8.507
8.52129
8.56495
8.65709
8.55938
8.54688
8.52187
8.55939
8.55423
8.54846
8.53103
8.55133
8.54894
8.77224
8.57418
8.59359
8.3872
8.6017
8.37813
8.38525
8.46955
8.47269
8.41548
8.38771
8.38663
8.42052
8.50148
8.38391
8.59175
8.49087
8.49767
8.40211
8.50254
8.40172
8.52464
8.38464
8.40316
8.39473
8.40607
8.39199
8.39019
8.38087
8.60072
8.38816
9.05383
8.88112
8.95433
8.87574
8.73776
8.69194
8.69196
8.90773
8.74438
8.74521
8.77174
8.7165
8.72972
8.93463
8.69578
8.84171
8.76112
8.84953
8.75874
8.7514
8.73036
8.74567
8.75242
8.77276
8.75187
8.88636
8.88796
9.10075
8.75689
8.8241
8.75907
8.96429
8.7384
8.74325
8.69937
8.56265
8.76612
8.60654
8.61196
8.65424
8.72625
8.61734
8.82158
8.71286
8.84797
8.63387
8.86372
8.63415
8.61761
8.60162
8.6345
8.62669
8.6245
8.62102
8.61569
8.62472
8.742
