# Command: awk 'NF==2 {print $2-$1}' eth/7_nodes/mqttsn/64/*.txt > 2021-06-09-mqttsn-eth-7-nodes-64-results.txt
18.8994
19.1082
18.9622
19.1039
18.9789
19.0109
18.9796
18.9909
19.0004
18.9911
19.0119
18.9799
18.9938
18.9939
18.9866
18.9595
18.9768
19.0155
18.9885
19.0025
18.9948
18.9704
18.9826
18.9342
18.9839
18.9671
18.9534
18.9892
18.983
18.901
18.9127
18.9634
19.0919
18.892
19.0615
18.9759
19.0854
18.9989
18.9898
19.0034
18.9793
18.964
19.0995
18.9939
19.1043
33.7916
19.0913
19.0264
19.1022
19.0868
18.9857
33.7995
19.0801
18.9387
19.0265
33.7912
19.0583
18.9844
19.0924
18.9001
18.9862
19.0007
19.0114
18.9716
19.0009
18.9779
18.99
19.1226
18.9941
19.0125
18.9807
19.0121
18.9927
19.0447
19.0418
19.0006
19.0178
19.0286
18.9774
19.0038
18.9891
19.0933
18.9789
18.9454
19.0332
18.971
19.0198
18.997
18.9834
18.9617
19.0621
19.0278
19.0687
18.9311
19.0709
19.0201
19.0591
19.0742
19.0433
18.9677
19.0503
19.0483
19.0483
19.0689
18.9422
19.0094
19.0662
19.0152
19.065
19.2718
19.0207
19.0517
19.0383
18.9931
19.0493
18.9374
19.0315
19.0349
19.0445
18.8828
18.9642
18.9455
18.9666
19.0459
18.9815
18.9365
18.9856
18.9531
18.9651
18.9651
18.9465
18.9683
18.9678
18.9614
18.9543
18.9579
18.9619
19.0195
18.9564
18.9611
18.9733
18.9601
18.9604
18.9296
18.9694
18.9511
18.9486
18.9644
18.9641
19.1764
19.2625
19.2548
19.2735
19.2558
19.2968
19.2647
19.2749
19.2887
19.2779
19.3144
19.2704
19.2823
19.2905
19.283
19.2915
19.2644
19.2572
19.2317
19.2932
19.2823
19.2656
19.2705
19.2593
19.2281
19.2738
19.2701
19.2448
19.281
19.2706
19.0303
19.1453
19.1066
19.1461
19.1413
19.1673
19.1317
19.141
19.1533
19.1342
19.174
19.1238
19.1404
19.1644
19.1634
19.1561
19.1267
19.1451
19.1617
19.1517
19.1473
19.1506
19.1366
19.1098
19.0927
19.1353
19.1223
19.1136
19.1176
19.1397
