# awk 'NF==2 {print $2-$1}' eth/7_nodes/coap/512/*.txt > 2021-06-09-coap-eth-7-nodes-512-results.txt
6.73615
6.83732
6.75158
6.98182
6.75357
6.79372
6.7445
6.75974
6.73868
6.79528
6.77873
6.95911
6.74752
6.7343
6.75001
6.77659
7.01092
6.72904
6.72666
6.72245
6.81723
6.74441
6.76991
6.80925
6.75882
6.73029
6.75706
6.76608
6.75895
6.76913
6.91555
6.70508
7.02114
6.71941
6.88041
6.81681
6.7046
6.69876
6.87472
6.8578
6.78997
6.72208
6.82576
6.83419
6.85413
6.9705
6.70882
6.80345
6.81733
6.91357
6.84004
6.83894
6.87373
6.84209
6.79961
6.70246
6.71365
6.79791
6.70201
6.80646
6.72292
6.9554
6.86319
6.79722
6.75187
6.70445
6.83474
6.76713
6.78791
6.92148
6.77195
6.76638
6.73067
6.78916
6.96389
6.76619
6.7439
6.71156
6.80169
6.77352
6.78493
6.8074
6.84898
6.74024
6.85456
6.72819
6.76668
6.78268
6.66635
6.80624
7.03659
6.79694
6.83744
6.65661
6.67618
6.79064
6.84974
6.81594
6.86471
6.80182
6.80077
6.80075
6.8241
7.02844
6.79855
6.77564
6.78588
6.90198
6.81315
6.80702
6.83997
6.8067
6.77192
6.66972
6.82414
6.67578
6.75704
6.64695
6.6515
6.64349
6.65057
6.81595
6.76006
6.6661
6.65303
6.7038
6.6754
6.7211
6.66131
6.66255
6.65657
6.6832
6.90507
6.65069
6.76081
6.63358
6.74526
6.65379
6.65842
6.70535
6.66872
6.75085
6.65426
6.64983
6.65767
6.965
7.07926
7.08374
7.2153
6.98262
7.03132
6.93591
6.98732
6.9789
7.01979
7.00381
7.04718
7.00334
6.97595
6.98909
7.00457
7.32873
6.98453
6.96507
6.97616
7.06202
6.99324
6.99337
7.03078
6.99423
7.0833
7.08073
6.99355
6.98645
6.85272
7.0785
6.85554
7.08512
6.98709
7.03627
6.96947
6.9923
6.85628
6.91291
7.01609
6.93649
6.87779
6.85507
6.99129
6.89021
7.23252
6.8619
6.84103
6.8443
6.95208
6.87683
6.8716
6.91517
7.00378
6.9665
6.86166
6.87222
6.98769
