# awk 'NF==2 {print $2-$1}' eth/7_nodes/coap/64/*.txt > 2021-06-09-coap-eth-7-nodes-64-results.txt
19.2454
19.1377
19.1623
19.0101
19.1285
19.2706
19.1923
19.094
19.1568
19.336
19.0613
18.9921
19.0218
19.2806
19.1974
19.2253
19.1836
19.0917
19.1005
19.2356
18.9871
19.0385
19.0162
19.2033
19.0821
19.095
19.1145
19.1228
19.0659
19.3275
19.2179
19.1027
18.9554
19.2053
19.2325
19.1455
19.1796
19.2533
19.4296
19.1568
18.9571
19.1045
19.3678
19.3088
19.3148
19.304
19.1691
19.0627
19.2085
18.9522
19.1416
18.9682
19.1469
19.027
19.1176
19.1231
19.0697
19.1559
19.1892
19.0839
19.3112
18.9617
19.0934
19.2396
19.1409
19.1067
19.2621
19.3033
19.0675
19.0125
19.1403
19.3959
19.3231
19.2537
19.1823
19.1009
19.1257
19.2161
19.0232
19.0617
19.0322
19.1567
19.0374
19.1949
19.1181
19.2459
19.1678
19.2897
19.1848
19.1962
19.0523
19.0317
19.3254
19.2303
19.1454
19.2341
19.2578
19.1133
19.0717
19.0646
19.3196
19.2488
19.271
19.1133
19.1409
19.1799
19.3079
19.0479
19.1035
19.0643
19.2534
19.1162
19.1335
19.0984
19.1672
19.1099
19.1348
19.0094
19.0349
18.8893
19.0049
19.162
19.0777
18.9691
19.0506
19.2317
18.9471
19.0422
18.9065
19.1702
19.0942
18.9684
19.0919
19.1271
19.019
19.1443
18.8951
18.9349
18.9085
19.0809
18.9628
19.0672
19.0021
18.9518
19.4921
19.5469
19.5749
19.2651
19.3804
19.5413
19.4594
19.467
19.4277
19.6247
19.4676
19.2696
19.279
19.532
19.4762
19.5
19.4709
19.4732
19.3794
19.5284
19.4232
19.3148
19.2707
19.5688
19.3394
19.3458
19.2974
19.3799
19.3269
19.4986
19.3978
19.4268
19.2739
19.4009
19.5395
19.4598
19.353
19.4336
19.6114
19.3285
19.1367
19.1456
19.4035
19.4797
19.3635
19.4792
19.3512
19.2453
19.3882
19.4244
19.1674
19.1356
19.3204
19.3505
19.2113
19.306
19.2447
19.3275
