# Command: awk 'NF==2 {print $2-$1}' eth/7_nodes/mqttsn/128/*.txt > 2021-06-09-mqttsn-eth-7-nodes-128-results.txt
12.0275
12.1035
12.1137
12.1117
12.1296
12.1128
12.1026
12.1327
12.0924
12.1135
12.1257
12.1095
12.1188
12.1206
12.1166
12.136
12.1038
12.1128
12.1131
12.1114
12.1002
12.1213
12.0946
12.1345
12.1335
12.1123
12.1076
12.1191
12.2027
12.0854
12.1004
12.1486
12.1096
12.095
12.1196
12.2081
12.1834
12.1329
12.1361
12.1411
12.1478
12.1943
12.1967
12.0924
12.1494
12.1253
12.2013
12.2074
12.2013
12.2023
12.1018
12.1585
12.1799
12.1144
12.1184
12.1443
12.092
12.2131
12.1067
12.1915
12.1045
12.1171
12.1147
12.1494
12.1333
12.1191
12.0952
12.18
12.1396
12.1147
12.1279
12.1407
12.1204
12.116
12.1146
12.1425
12.1555
12.2268
12.1135
12.1016
12.1024
12.1215
12.1088
12.1418
12.1308
12.1314
12.1433
12.1279
12.1311
12.1358
12.1429
12.1582
12.1491
12.1612
12.1684
12.1452
12.1269
12.1793
12.1425
12.1459
12.163
12.1751
12.1664
12.1351
12.1556
12.1842
12.1557
12.1448
12.1595
12.0758
12.1417
12.1709
12.0495
12.1644
12.1412
12.1528
12.1909
12.1499
12.1695
12.0735
12.0791
12.0712
12.0865
12.1724
12.0862
12.0807
12.1823
12.0855
12.0852
12.0977
12.0844
12.093
12.069
12.0904
12.183
12.085
12.0889
12.0827
12.087
12.0802
12.0985
12.066
12.0769
12.096
12.0812
12.0879
12.0811
12.0862
12.0839
12.3652
12.3534
12.3804
12.3585
12.3794
12.3849
12.3677
12.3617
12.3752
12.3818
12.3695
12.3812
12.3681
12.3694
12.3721
12.3725
12.3867
12.477
12.3828
12.3733
12.4758
12.3555
12.4018
12.3842
12.3675
12.3781
12.3739
12.3688
12.3505
12.2459
12.3594
12.3571
12.2422
12.2689
12.3672
12.3445
12.388
12.2356
12.3498
12.3613
12.2525
12.3748
12.2383
12.2474
12.258
12.2419
12.3876
12.2531
12.2782
12.377
12.2558
12.2449
12.3903
12.3856
12.358
12.3647
12.2541
12.3635
12.2291
