# Command: awk 'NF==2 {print $2-$1}' eth/7_nodes/mqttsn/512/*.txt > 2021-06-09-mqttsn-eth-7-nodes-512-results.txt
7.00324
7.01295
7.00537
7.01909
7.003
7.00806
7.00458
7.01075
7.01331
7.00877
7.01821
7.01099
7.01393
7.0162
7.01151
7.01329
7.00627
7.00337
7.01883
7.01369
7.01629
7.02807
7.01394
7.01427
7.01452
7.01014
7.01622
7.01826
7.01332
7.01276
6.98743
6.98014
6.99026
6.98508
7.07689
7.0301
6.99163
7.07887
7.03266
7.02927
7.08034
7.07231
6.98596
7.0268
6.98665
7.03608
7.08043
6.98663
6.98798
6.99198
6.98389
7.09003
7.05203
6.98991
7.00011
6.99156
7.02635
6.99188
6.98781
7.079
7.08832
6.99513
6.99279
7.02797
6.99038
7.08808
6.99288
7.02867
7.00267
6.99833
7.00301
6.9912
6.99893
6.99706
7.00589
7.00804
6.99779
6.98531
7.00202
7.00434
7.09716
7.00118
6.99715
7.02816
7.00262
7.09025
6.9956
6.9918
6.99434
7.03714
7.04797
6.95652
7.05148
6.95926
7.03491
6.9572
6.9569
7.04861
6.95946
7.05771
6.96349
6.94524
7.05368
7.05399
7.05509
7.05574
6.95891
7.04486
7.05803
7.06934
7.05145
7.04769
7.04962
6.96324
7.04971
7.05313
7.03989
7.05316
6.96132
7.0668
7.05868
6.95313
6.95088
6.95249
6.94288
6.95077
6.95814
6.95413
6.95319
6.95266
6.95371
6.95025
6.95303
7.0507
6.94879
6.96333
6.95645
6.95308
7.06641
6.96618
6.95683
6.95205
6.95262
6.95225
6.94547
6.95913
6.95883
6.95636
6.95776
7.21312
7.21282
7.21269
7.20968
7.30639
7.20977
7.31415
7.21757
7.22385
7.21393
7.28676
7.20937
7.20905
7.20922
7.28544
7.283
7.28576
7.21394
7.20317
7.21535
7.20593
7.22108
7.20837
7.31648
7.2073
7.21017
7.31505
7.31502
7.31062
7.223
7.11995
7.21187
7.21994
7.21338
7.11946
7.12272
7.11626
7.21868
7.22255
7.1226
7.13221
7.21147
7.21438
7.12454
7.12434
7.20953
7.12623
7.2139
7.12703
7.21787
7.12359
7.1246
7.22033
7.21144
7.22112
7.12324
7.11827
7.13711
7.22268
7.22454
