# Command: awk 'NF==2 {print $2-$1}' eth/7_nodes/mqttsn/32/*.txt > 2021-06-09-mqttsn-eth-7-nodes-32-results.txt
32.75
33.0562
33.0476
33.004
32.9376
33.0013
33.1669
33.0014
32.9961
32.8899
32.9625
32.9273
33.0119
33.0384
33.0142
33.0215
32.9849
33.0588
33.0338
32.9389
32.9601
32.996
32.9893
32.993
33.0386
33.038
33.0288
33.0128
33.0138
32.7462
33.0568
33.0354
33.1203
33.0269
33.0468
33.1124
33.1567
33.1183
47.7088
33.0122
32.9516
33.0277
33.0106
33.1815
33.0065
33.0129
33.0517
33.1528
32.9316
32.9659
33.001
32.9681
33.1186
33.0444
47.803
33.028
33.1409
33.0183
32.7474
33.0574
33.0468
33.0043
32.9654
33.0412
32.9976
33.1574
33.0158
33.0056
32.8908
32.9525
33.0515
33.0158
33.0511
33.0323
33.0705
32.9728
33.0496
33.0863
32.9525
32.9692
33.1485
32.9955
33.0559
33.0513
33.0309
33.0362
33.0197
33.0198
32.7919
32.9981
33.1149
33.0449
32.99
32.9836
33.0611
32.9697
33.0752
32.9496
32.9714
33.0266
32.8727
33.0953
33.1175
33.086
33.036
33.0442
33.1304
33.0045
33.0416
33.0787
33.0283
32.9149
33.1056
33.074
33.0903
32.9548
32.9778
32.7131
33.011
33.009
32.9763
32.8934
32.9981
32.9751
32.9848
32.9684
32.9581
32.9708
32.9061
33.012
32.9813
33.0094
32.9425
32.9846
32.9522
33.0328
33.0034
33.0308
32.9418
32.9627
32.9342
32.9342
33.0154
32.9857
32.9911
32.9682
32.9738
33.037
33.3719
33.3708
33.2845
33.2409
33.3586
33.3116
33.3505
33.3094
33.3059
33.2197
33.2538
33.247
33.3284
33.3581
33.3282
33.2995
33.2937
33.2814
33.3471
33.2527
33.2732
33.3237
33.2972
33.3008
33.3466
33.344
33.341
33.3288
33.3428
32.9016
33.2289
33.215
33.1604
33.0829
33.2166
33.1802
33.1862
33.1583
33.1718
33.0608
33.1057
33.0983
33.1865
33.2281
33.1691
33.19
33.1501
33.23
33.1912
33.0952
33.1287
33.1524
33.134
33.1607
33.2016
33.1705
33.2058
33.1839
33.1721
