# awk 'NF==2 {print $2-$1}' eth/7_nodes/coap/32/*.txt > 2021-06-09-coap-eth-7-nodes-32-results.txt
33.1197
33.1904
33.1015
33.059
33.0983
33.1968
33.1937
33.0793
33.3433
33.1569
33.131
33.0841
33.1043
33.1118
33.1538
33.178
33.2815
33.1305
33.1574
33.0702
33.2241
33.1164
33.2346
33.222
36.2256
33.1753
33.4097
33.0934
33.2549
33.2205
33.1336
33.0077
33.0458
33.2798
33.2856
33.272
33.2958
33.2515
33.0811
33.1916
33.2063
33.07
33.0917
33.2878
33.243
33.2795
33.3155
33.0474
33.3403
33.0542
33.1865
33.2974
35.6369
33.1187
33.3567
33.0335
33.1186
33.2056
33.1223
33.0733
33.0443
33.1937
33.1468
33.1862
33.4551
33.2751
33.1532
33.1031
33.2298
33.2767
33.142
33.1638
33.3159
33.1564
33.2011
33.1737
33.0619
33.203
33.122
33.1931
33.2286
33.2897
33.1421
33.3784
33.1181
33.1754
33.2092
33.1834
33.1206
33.0081
33.2334
33.1045
33.1957
33.3932
33.2115
33.1746
33.1421
33.1389
33.1655
33.1958
33.0991
33.3363
33.1966
33.2292
33.2643
33.1403
33.2925
33.1492
33.2837
33.2616
35.7527
33.2266
33.3212
33.1288
33.0028
33.0851
32.9899
32.9462
32.9732
33.0636
33.0689
32.9531
33.2261
33.0565
33.0134
32.9849
32.9983
32.9918
33.0197
33.0792
33.1767
33.0398
33.0682
33.0911
32.9743
33.1251
32.9884
33.1227
33.1111
33.0483
33.0458
33.2903
32.9801
33.3701
33.5519
33.527
33.4882
33.3534
33.4445
33.455
33.4447
33.6114
33.4396
33.4017
33.3578
33.386
33.3936
33.4104
33.4596
33.5588
33.4085
33.4368
33.48
33.3608
33.5179
33.3479
33.5009
33.4937
33.6764
33.5969
33.8254
33.5071
33.386
33.4126
33.2405
33.3347
33.2117
33.3218
33.4609
33.3018
35.6255
33.2869
33.2616
33.2176
33.3882
33.3975
33.4146
33.4641
33.4329
33.2748
33.3172
33.4903
33.2292
33.3802
33.2252
33.5092
33.4988
33.536
33.4358
33.5358
33.2213
