# awk 'NF==2 {print $2-$1}' eth/7_nodes/coap/128/*.txt > 2021-06-09-coap-eth-7-nodes-128-results.txt
11.9855
12.1863
11.9711
12.1622
12.1447
12.1683
11.9623
12.2216
12.2912
12.0026
12.157
12.0139
12.0833
12.1078
11.969
12.0072
12.0294
11.9823
11.9606
12.2116
11.9659
11.9943
12.1532
12.1961
11.9877
12.1955
12.3636
11.9847
12.165
11.9231
12.2651
11.9226
12.1123
12.2175
12.2504
12.0452
12.3242
12.3942
12.1105
12.1104
12.1234
12.1144
12.2016
11.9198
12.1049
14.1043
12.0795
12.0706
12.3238
11.9394
12.1001
12.268
12.2793
12.007
12.1269
12.1396
12.3082
12.0668
12.1159
11.9254
12.1422
11.9916
12.1121
12.1478
12.1308
11.9156
12.1827
12.3918
11.9829
12.1257
12.1235
12.2033
12.0891
11.9831
11.9948
12.0535
11.9588
12.0093
12.1987
11.9913
12.1271
12.1427
12.2123
11.9244
12.1267
12.294
12.1882
11.9484
12.1657
12.0058
12.0921
12.016
12.1987
12.1768
12.2033
12.0077
12.2944
12.3426
12.0727
12.2017
12.0734
12.135
12.1649
12.0158
12.064
12.0992
12.0504
12.0309
12.2696
12.0584
12.0608
12.2244
12.2444
12.2069
12.2188
12.2593
12.0435
12.2199
11.8525
12.0626
11.8673
12.0415
12.0196
12.0528
11.8522
12.1151
12.185
11.9011
12.0449
11.916
11.9884
12.1421
11.8551
11.9126
11.9306
11.8977
11.8775
12.1144
11.8759
11.9044
12.0787
12.0863
11.8624
12.0549
12.0746
12.1018
11.8715
12.0427
12.2319
12.5782
12.2229
12.5354
12.3932
12.4163
12.2186
12.4862
12.5461
12.2738
12.4266
12.2692
12.3488
12.3826
12.2202
12.275
12.3076
12.2598
12.2414
12.4809
12.2323
12.2764
12.4332
12.4464
12.3427
12.5336
12.4573
12.4776
12.2469
12.4234
12.2258
12.2988
12.2253
12.2725
12.3913
12.4352
12.0805
12.4856
12.5572
12.1474
12.2871
12.2828
12.2124
12.2429
12.0928
12.1364
12.164
12.1274
12.2469
12.3584
12.1178
12.1387
12.3076
12.4448
12.2364
12.4236
12.4468
12.3451
12.2503
12.2777
