# Command: awk 'NF==2 {print $2-$1}' eth/7_nodes/mqttsn/256/*.txt > 2021-06-09-mqttsn-eth-7-nodes-256-results.txt
8.69889
8.70423
8.71183
8.71641
8.70997
8.70975
8.702
8.7107
8.70115
8.70768
8.70382
8.69089
8.7087
8.69843
8.70363
8.68274
8.69856
8.69944
8.70443
8.69772
8.70221
8.69719
8.69848
8.69957
8.69981
8.69997
8.69861
8.69835
8.72683
8.68315
8.68557
8.68411
8.73104
8.79199
8.69969
8.69475
8.78074
8.68723
8.69006
8.6954
8.684
8.7746
8.74087
8.68854
8.69118
8.67728
8.78865
8.69672
8.68799
8.68635
8.78788
8.77709
8.6886
8.69402
8.69023
8.78431
8.68708
8.72608
8.68979
8.69602
8.72966
8.7966
8.73893
8.7403
8.70594
8.69442
8.70428
8.69532
8.73453
8.70981
8.72802
8.73325
8.73236
8.7388
8.69826
8.68181
8.69695
8.6966
8.69244
8.70028
8.69475
8.68797
8.69957
8.69405
8.69168
8.70606
8.69015
8.72207
8.6375
8.64565
8.73624
8.73792
8.64134
8.75276
8.73739
8.65367
8.74423
8.74809
8.74813
8.74913
8.74468
8.73549
8.75279
8.74949
8.74618
8.73387
8.64746
8.74663
8.75147
8.66021
8.65641
8.65671
8.74184
8.74856
8.73787
8.75488
8.74637
8.73213
8.65588
8.65146
8.65431
8.66414
8.66072
8.67307
8.65947
8.6597
8.65867
8.65343
8.65603
8.65983
8.65605
8.65587
8.65688
8.66577
8.64007
8.65579
8.64668
8.65717
8.74282
8.65922
8.75527
8.6555
8.65925
8.75219
8.75846
8.65881
8.65973
8.93327
8.91852
8.9357
8.92174
8.92348
9.02287
9.03273
8.92431
8.92367
9.02323
8.92717
9.0321
9.02945
8.92491
8.93607
8.93349
8.92851
9.00891
8.93182
8.9197
9.01854
8.9392
9.02154
8.92449
8.93389
9.02887
8.92432
8.93442
8.92926
9.01728
8.82719
8.82507
8.8301
8.8374
8.83594
8.84628
8.92686
8.92637
8.83663
8.82562
8.83491
8.83231
8.82996
8.92239
8.8394
8.83753
8.92477
8.81545
8.83594
8.83165
8.82867
8.92714
8.83467
8.82908
8.83157
8.84262
8.932
8.83204
8.82852
8.8231
